Frame_Num,Queue_Density,Dynamic_Density
3,0.117848,0.043885
6,0.0953469,0.0437084
9,0.100439,0.0468489
12,0.0995452,0.0700946
15,0.10306,0.0864577
18,0.105442,0.058778
21,0.105951,0.0945072
24,0.110285,0.0770931
27,0.117196,0.060682
30,0.121882,0.0666114
33,0.123528,0.0654635
36,0.124523,0.0710835
39,0.12584,0.0662874
42,0.126809,0.0642884
45,0.127188,0.0817975
48,0.127508,0.066808
51,0.127677,0.0560066
54,0.131049,0.0414241
57,0.132843,0.0578131
60,0.133231,0.0425579
63,0.132843,0.0290097
66,0.133214,0.0306794
69,0.13608,0.0384455
72,0.139349,0.0383841
75,0.143132,0.0415844
78,0.14727,0.0441472
81,0.156981,0.0742262
84,0.167704,0.0659409
87,0.181704,0.0865974
90,0.194705,0.0992915
93,0.20102,0.0914694
96,0.199703,0.121301
99,0.202622,0.0924648
102,0.20413,0.0907685
105,0.203972,0.0958523
108,0.210368,0.103677
111,0.21886,0.104225
114,0.228762,0.107057
117,0.234989,0.110853
120,0.234205,0.122796
123,0.234541,0.108653
126,0.23452,0.109298
129,0.237636,0.119623
132,0.242332,0.12307
135,0.244707,0.130892
138,0.246777,0.134422
141,0.250651,0.122635
144,0.249607,0.153558
147,0.249632,0.124867
150,0.246882,0.110473
153,0.243833,0.0754763
156,0.241922,0.106632
159,0.236709,0.0844645
162,0.232419,0.101727
165,0.228726,0.0888705
168,0.228204,0.0853828
171,0.222129,0.0980286
174,0.219584,0.0768922
177,0.217243,0.0812198
180,0.219321,0.0816496
183,0.218397,0.0758825
186,0.217298,0.0651099
189,0.215972,0.061391
192,0.215942,0.0464332
195,0.214501,0.0626567
198,0.214418,0.05321
201,0.214072,0.0401566
204,0.214652,0.0456573
207,0.21444,0.0436404
210,0.214362,0.0368949
213,0.214481,0.0413244
216,0.213887,0.0457905
219,0.213873,0.0808541
222,0.214401,0.0402886
225,0.214862,0.0557193
228,0.2144,0.0587811
231,0.215458,0.0291097
234,0.216261,0.0398418
237,0.215708,0.0249023
240,0.214201,0.0206087
243,0.216261,0.0194931
246,0.21203,0.0487309
249,0.213264,0.0344483
252,0.21276,0.0458597
255,0.214064,0.0300803
258,0.215144,0.0335274
261,0.215074,0.0467062
264,0.215507,0.0373979
267,0.216082,0.027776
270,0.214763,0.0807012
273,0.21281,0.0403147
276,0.215041,0.0212056
279,0.217186,0.0163764
282,0.221009,0.0211116
285,0.224937,0.028053
288,0.224399,0.0266487
291,0.220262,0.0306798
294,0.21711,0.0305139
297,0.212929,0.0466774
300,0.210247,0.0730375
303,0.209094,0.061135
306,0.209762,0.065119
309,0.210401,0.0510351
312,0.212451,0.0198798
315,0.214034,0.0236587
318,0.214717,0.0131356
321,0.21276,0.061583
324,0.213451,0.0352804
327,0.21304,0.0371183
330,0.213436,0.0556945
333,0.213149,0.0246737
336,0.212856,0.0286669
339,0.213258,0.0227326
342,0.218593,0.0230997
345,0.222453,0.0572384
348,0.224719,0.0503375
351,0.224468,0.0421813
354,0.223913,0.0515197
357,0.224411,0.0501102
360,0.224949,0.0478674
363,0.225142,0.0433831
366,0.225109,0.0480072
369,0.223916,0.0453255
372,0.224256,0.0556122
375,0.224165,0.0607379
378,0.223462,0.0516804
381,0.222784,0.0401619
384,0.227591,0.0468459
387,0.231603,0.0388282
390,0.236509,0.0506079
393,0.239666,0.0510364
396,0.240855,0.0989103
399,0.242352,0.0678269
402,0.243437,0.0711212
405,0.247355,0.0699299
408,0.258495,0.0702774
411,0.269833,0.0863416
414,0.284538,0.102209
417,0.297912,0.120317
420,0.305024,0.162263
423,0.315764,0.131135
426,0.330273,0.145119
429,0.342026,0.155403
432,0.354342,0.169322
435,0.364089,0.175489
438,0.370436,0.185341
441,0.3744,0.191658
444,0.37157,0.200773
447,0.372867,0.203926
450,0.382686,0.209181
453,0.389595,0.209408
456,0.392999,0.206623
459,0.395777,0.206795
462,0.397358,0.208229
465,0.398271,0.189887
468,0.398062,0.197259
471,0.398067,0.222251
474,0.400213,0.194631
477,0.399947,0.169964
480,0.39933,0.150429
483,0.399333,0.143318
486,0.399748,0.136878
489,0.401514,0.112378
492,0.402089,0.113236
495,0.399073,0.133585
498,0.40141,0.122346
501,0.413614,0.0612943
504,0.427345,0.0531068
507,0.44285,0.0883977
510,0.456676,0.0704603
513,0.466557,0.0869451
516,0.472053,0.0953717
519,0.477304,0.125654
522,0.485337,0.122206
525,0.489422,0.0954605
528,0.492156,0.109721
531,0.496137,0.116159
534,0.497175,0.10881
537,0.499795,0.101429
540,0.501921,0.0909474
543,0.502823,0.0818978
546,0.499254,0.116073
549,0.49834,0.0925371
552,0.495765,0.0896125
555,0.494199,0.0841158
558,0.493063,0.0839434
561,0.492042,0.101657
564,0.48866,0.113284
567,0.483605,0.112997
570,0.483998,0.0929147
573,0.489302,0.0609808
576,0.49671,0.0531133
579,0.503324,0.0485153
582,0.511492,0.0638676
585,0.518328,0.0691736
588,0.524927,0.074217
591,0.530062,0.0772292
594,0.535877,0.0935103
597,0.546802,0.091547
600,0.553444,0.0977138
603,0.562147,0.0928768
606,0.570661,0.108249
609,0.582376,0.0953208
612,0.590638,0.114756
615,0.598309,0.111975
618,0.603256,0.115366
621,0.608899,0.130642
624,0.613646,0.138597
627,0.61821,0.120798
630,0.621541,0.124677
633,0.625351,0.0842882
636,0.62703,0.0863259
639,0.626074,0.0832628
642,0.623316,0.0747121
645,0.622757,0.178405
648,0.624346,0.0945057
651,0.626868,0.0852444
654,0.628215,0.10151
657,0.629846,0.114946
660,0.631034,0.100695
663,0.632898,0.121733
666,0.635387,0.107729
669,0.633974,0.156641
672,0.631744,0.131052
675,0.634091,0.108668
678,0.635848,0.109699
681,0.637762,0.110316
684,0.638996,0.116317
687,0.64084,0.136729
690,0.642956,0.123519
693,0.644884,0.0928428
696,0.644135,0.196403
699,0.645285,0.114461
702,0.646362,0.109773
705,0.647565,0.0965944
708,0.648544,0.084927
711,0.649935,0.0776303
714,0.65107,0.0676989
717,0.650979,0.0664801
720,0.647807,0.0925358
723,0.64762,0.0374305
726,0.6474,0.0523087
729,0.647854,0.0443118
732,0.651024,0.0195754
735,0.652079,0.017795
738,0.654227,0.0245875
741,0.656546,0.0404179
744,0.654682,0.0627769
747,0.654294,0.054801
750,0.654792,0.0505518
753,0.653812,0.0539833
756,0.656285,0.0493618
759,0.655185,0.0503793
762,0.65742,0.0522029
765,0.656347,0.0471438
768,0.657563,0.0420873
771,0.65842,0.10823
774,0.654954,0.0584519
777,0.655852,0.0455214
780,0.656957,0.0577022
783,0.66273,0.0303115
786,0.663105,0.0244438
789,0.668822,0.0210214
792,0.676397,0.0317026
795,0.677258,0.0559257
798,0.684867,0.0443314
801,0.686125,0.0520343
804,0.685515,0.0480751
807,0.690572,0.055394
810,0.690301,0.0554685
813,0.694342,0.0610605
816,0.697684,0.0314636
819,0.699567,0.0547905
822,0.703005,0.0255463
825,0.705774,0.0251962
828,0.707838,0.0239278
831,0.711526,0.047968
834,0.71,0.0579125
837,0.707657,0.0535222
840,0.709444,0.0669321
843,0.709301,0.0503375
846,0.709205,0.111881
849,0.711263,0.0853423
852,0.711873,0.0438742
855,0.71276,0.0355587
858,0.708278,0.0530101
861,0.708511,0.0433034
864,0.706104,0.0285702
867,0.708345,0.0252289
870,0.704783,0.0986112
873,0.703317,0.0698881
876,0.704842,0.0625235
879,0.706164,0.0577453
882,0.711036,0.0506785
885,0.709709,0.0537782
888,0.71073,0.052613
891,0.711508,0.0511082
894,0.713631,0.0212971
897,0.714696,0.0623419
900,0.715477,0.0275945
903,0.718156,0.0202756
906,0.713042,0.129625
909,0.714848,0.0597647
912,0.715552,0.0430787
915,0.715083,0.0425419
918,0.709407,0.0256129
921,0.708849,0.0267062
924,0.710447,0.0149343
927,0.712251,0.0232969
930,0.709048,0.0777478
933,0.709395,0.0775858
936,0.71284,0.0390437
939,0.716913,0.0508365
942,0.717604,0.0631832
945,0.717541,0.049303
948,0.718892,0.0596798
951,0.719591,0.0656925
954,0.720492,0.0680097
957,0.720453,0.0445927
960,0.722487,0.0247651
963,0.72341,0.0230853
966,0.724275,0.0234014
969,0.723841,0.043097
972,0.728166,0.0375546
975,0.729728,0.0330376
978,0.730137,0.0668511
981,0.723989,0.103332
984,0.722771,0.0584559
987,0.723666,0.0412474
990,0.720335,0.0469805
993,0.717959,0.0425915
996,0.718054,0.0195219
999,0.717058,0.0247534
1002,0.722001,0.0262399
1005,0.716441,0.0893538
1008,0.713868,0.053837
1011,0.71264,0.0393272
1014,0.714893,0.0794825
1017,0.715241,0.0648787
1020,0.715608,0.0542288
1023,0.713297,0.0494153
1026,0.713361,0.0477943
1029,0.713428,0.0416092
1032,0.713168,0.0501024
1035,0.711086,0.106089
1038,0.707779,0.0621656
1041,0.709134,0.0512127
1044,0.710018,0.0394944
1047,0.708783,0.0315655
1050,0.708017,0.0410214
1053,0.707841,0.0285898
1056,0.707454,0.0354437
1059,0.707769,0.0357441
1062,0.701515,0.107179
1065,0.701047,0.0278335
1068,0.700438,0.0450198
1071,0.701542,0.0342681
1074,0.702296,0.0348128
1077,0.702915,0.0346952
1080,0.702911,0.028616
1083,0.7034,0.0413662
1086,0.706527,0.053914
1089,0.710606,0.0324968
1092,0.71263,0.0376251
1095,0.713083,0.0410449
1098,0.713321,0.0376852
1101,0.713344,0.0389222
1104,0.713082,0.0495616
1107,0.712212,0.0457892
1110,0.712054,0.0548767
1113,0.711865,0.0727684
1116,0.71282,0.0383671
1119,0.709084,0.0404114
1122,0.709095,0.0472731
1125,0.710073,0.0293657
1128,0.710588,0.0375873
1131,0.711329,0.0516921
1134,0.711515,0.0514883
1137,0.712856,0.0650328
1140,0.712829,0.043306
1143,0.715439,0.0399333
1146,0.715691,0.0308196
1149,0.715604,0.0409783
1152,0.712405,0.0415504
1155,0.710519,0.0437593
1158,0.71075,0.0460295
1161,0.707471,0.0803943
1164,0.705589,0.0513081
1167,0.70548,0.0482136
1170,0.704516,0.0455514
1173,0.706165,0.0502226
1176,0.70622,0.0489189
1179,0.705187,0.0450629
1182,0.705376,0.053978
1185,0.704928,0.0620533
1188,0.7055,0.0402794
1191,0.70857,0.0456964
1194,0.711219,0.0396603
1197,0.711643,0.0425262
1200,0.713114,0.0320644
1203,0.714376,0.0270576
1206,0.715416,0.0227666
1209,0.717175,0.0297537
1212,0.728952,0.0838506
1215,0.729381,0.0209522
1218,0.730093,0.0299248
1221,0.73099,0.0275122
1224,0.730967,0.0348598
1227,0.72962,0.0248095
1230,0.729713,0.0332087
1233,0.728875,0.0281444
1236,0.731139,0.0655031
1239,0.737476,0.0393507
1242,0.741994,0.0361243
1245,0.740219,0.0362457
1248,0.740312,0.0381855
1251,0.735778,0.046812
1254,0.734556,0.0381829
1257,0.735869,0.0530584
1260,0.730449,0.0535182
1263,0.72501,0.0286591
1266,0.723558,0.0390424
1269,0.723797,0.0326261
1272,0.722041,0.0251021
1275,0.719025,0.0273345
1278,0.716821,0.0425641
1281,0.71433,0.0432459
1284,0.709905,0.0334073
1287,0.711573,0.0525046
1290,0.709892,0.0303559
1293,0.710162,0.0362444
1296,0.711466,0.0463456
1299,0.708983,0.0375206
1302,0.708465,0.0321415
1305,0.710068,0.0354907
1308,0.70846,0.0281901
1311,0.707179,0.0648042
1314,0.704246,0.0499587
1317,0.702342,0.0343347
1320,0.705765,0.0271804
1323,0.707207,0.0277708
1326,0.708184,0.0206779
1329,0.707138,0.0275631
1332,0.706501,0.0223695
1335,0.704464,0.0362105
1338,0.701391,0.0659563
1341,0.698236,0.0456834
1344,0.697759,0.0445561
1347,0.698543,0.0504891
1350,0.699805,0.0628736
1353,0.700892,0.043741
1356,0.702258,0.0542615
1359,0.703081,0.0607431
1362,0.705138,0.155624
1365,0.705966,0.0665677
1368,0.704669,0.0587014
1371,0.705657,0.0555338
1374,0.707364,0.0631427
1377,0.707275,0.0571692
1380,0.707496,0.0482593
1383,0.708064,0.045362
1386,0.706247,0.102612
1389,0.70665,0.0821917
1392,0.707751,0.0476663
1395,0.707823,0.047405
1398,0.709026,0.0398366
1401,0.708375,0.0405368
1404,0.708116,0.0459786
1407,0.707329,0.03707
1410,0.706652,0.0973559
1413,0.706866,0.0646331
1416,0.706573,0.0616562
1419,0.7068,0.0934685
1422,0.709192,0.0655409
1425,0.713405,0.0534621
1428,0.716603,0.063208
1431,0.722843,0.107592
1434,0.728301,0.106646
1437,0.732427,0.172388
1440,0.73781,0.174801
1443,0.744895,0.186787
1446,0.753323,0.189209
1449,0.758518,0.216205
1452,0.763517,0.233251
1455,0.771958,0.269302
1458,0.7775,0.253863
1461,0.782281,0.258259
1464,0.786379,0.240301
1467,0.79212,0.275793
1470,0.797345,0.312303
1473,0.805954,0.371996
1476,0.810921,0.384959
1479,0.817712,0.359222
1482,0.822737,0.295962
1485,0.828588,0.391216
1488,0.832836,0.331545
1491,0.839017,0.347777
1494,0.841598,0.378746
1497,0.843617,0.399432
1500,0.84454,0.358792
1503,0.842405,0.384652
1506,0.841766,0.450999
1509,0.840349,0.420422
1512,0.835294,0.46052
1515,0.833246,0.522899
1518,0.815363,0.544062
1521,0.798173,0.555572
1524,0.772393,0.477525
1527,0.760878,0.523643
1530,0.757212,0.538077
1533,0.75198,0.460611
1536,0.74843,0.535809
1539,0.749526,0.436092
1542,0.753468,0.541087
1545,0.755737,0.562522
1548,0.753416,0.589269
1551,0.724014,0.612188
1554,0.718088,0.569845
1557,0.715212,0.596214
1560,0.703858,0.628673
1563,0.695914,0.62009
1566,0.695847,0.628936
1569,0.692378,0.615816
1572,0.692899,0.637438
1575,0.691122,0.634074
1578,0.691667,0.628683
1581,0.69488,0.616731
1584,0.693556,0.62179
1587,0.691577,0.602062
1590,0.703519,0.474579
1593,0.711508,0.647623
1596,0.723742,0.66349
1599,0.735674,0.623776
1602,0.739816,0.6833
1605,0.741391,0.644792
1608,0.751526,0.638608
1611,0.744819,0.57894
1614,0.732191,0.695281
1617,0.713797,0.678107
1620,0.695601,0.626133
1623,0.689346,0.654878
1626,0.688167,0.63452
1629,0.682335,0.648218
1632,0.691207,0.610065
1635,0.687743,0.631534
1638,0.678027,0.489947
1641,0.678427,0.621454
1644,0.676269,0.612524
1647,0.663428,0.608439
1650,0.652503,0.607787
1653,0.648908,0.616463
1656,0.644538,0.512218
1659,0.645154,0.506604
1662,0.64187,0.587092
1665,0.64265,0.607412
1668,0.640372,0.592786
1671,0.644625,0.570383
1674,0.64201,0.580675
1677,0.635615,0.542167
1680,0.635526,0.570722
1683,0.64048,0.553913
1686,0.63575,0.568564
1689,0.639472,0.552746
1692,0.656624,0.503145
1695,0.673268,0.60514
1698,0.691113,0.620432
1701,0.70607,0.63324
1704,0.712594,0.628682
1707,0.711267,0.615199
1710,0.692289,0.601422
1713,0.680506,0.545354
1716,0.671943,0.593772
1719,0.655484,0.575602
1722,0.637833,0.564772
1725,0.623758,0.453828
1728,0.617045,0.554231
1731,0.592527,0.54759
1734,0.579678,0.512618
1737,0.55243,0.475524
1740,0.530818,0.488123
1743,0.505319,0.46095
1746,0.4865,0.414876
1749,0.470195,0.442249
1752,0.457717,0.434831
1755,0.449925,0.353421
1758,0.442634,0.417618
1761,0.43508,0.413326
1764,0.428763,0.407324
1767,0.431618,0.410037
1770,0.434309,0.412362
1773,0.443493,0.420829
1776,0.443059,0.420906
1779,0.434638,0.412906
1782,0.429326,0.407859
1785,0.420572,0.399544
1788,0.403415,0.383244
1791,0.386445,0.367123
1794,0.368218,0.349807
1797,0.363253,0.324797
1800,0.370802,0.352037
1803,0.365677,0.347393
1806,0.364621,0.34639
1809,0.362558,0.34443
1812,0.348563,0.331135
1815,0.35163,0.334048
1818,0.343553,0.266618
1821,0.346432,0.329111
1824,0.35099,0.33344
1827,0.352807,0.335167
1830,0.355959,0.338161
1833,0.348076,0.330672
1836,0.337023,0.320172
1839,0.324892,0.308648
1842,0.310375,0.294856
1845,0.297771,0.282882
1848,0.277495,0.26362
1851,0.250257,0.237744
1854,0.237335,0.225468
1857,0.241743,0.229656
1860,0.237819,0.224815
1863,0.228703,0.199661
1866,0.220987,0.209938
1869,0.223731,0.212545
1872,0.223853,0.21266
1875,0.218701,0.207766
1878,0.227893,0.21358
1881,0.244671,0.232437
1884,0.260198,0.243046
1887,0.268349,0.248573
1890,0.285337,0.259509
1893,0.302377,0.282841
1896,0.315126,0.299369
1899,0.341736,0.32465
1902,0.384055,0.364852
1905,0.408669,0.388235
1908,0.415628,0.369554
1911,0.411835,0.391243
1914,0.419604,0.398624
1917,0.412172,0.391563
1920,0.395905,0.37611
1923,0.374656,0.355924
1926,0.345545,0.328268
1929,0.326243,0.309931
1932,0.309731,0.294244
1935,0.299775,0.274724
1938,0.2814,0.26733
1941,0.274065,0.260362
1944,0.261811,0.248721
1947,0.241637,0.229556
1950,0.217177,0.145011
1953,0.185049,0.175797
1956,0.162833,0.154691
1959,0.143273,0.136109
1962,0.123463,0.0921754
1965,0.105839,0.100547
1968,0.0892101,0.0813461
1971,0.0739858,0.0692408
1974,0.060107,0.0558906
1977,0.0500227,0.0448237
1980,0.0386767,0.0206934
1983,0.0257945,0.023659
1986,0.019177,0.0182182
1989,0.0190817,0.0181276
1992,0.0216197,0.0205387
1995,0.020785,0.0197458
1998,0.0212069,0.0200565
2001,0.0299405,0.027624
2004,0.061681,0.0475809
2007,0.100646,0.0783776
2010,0.143773,0.128248
2013,0.182787,0.173648
2016,0.223285,0.209441
2019,0.252265,0.237437
2022,0.266514,0.253188
2025,0.29084,0.276298
2028,0.310026,0.294525
2031,0.322975,0.306826
2034,0.321965,0.305867
2037,0.308498,0.293073
2040,0.297549,0.282671
2043,0.277308,0.263443
2046,0.258798,0.245858
2049,0.244002,0.222864
2052,0.226691,0.213804
2055,0.205157,0.194899
2058,0.181536,0.172459
2061,0.15138,0.143811
2064,0.130225,0.123714
2067,0.11458,0.108851
2070,0.100295,0.0952802
2073,0.0846252,0.080394
2076,0.0709906,0.0674411
2079,0.0638859,0.0502309
2082,0.0511409,0.0327779
2085,0.0394003,0.0181079
2088,0.0289177,0.0244443
2091,0.0243589,0.020582
2094,0.0266723,0.0245853
2097,0.0274665,0.0231389
2100,0.0343543,0.0296076
2103,0.0502383,0.0448513
2106,0.0715196,0.0645353
2109,0.0957388,0.0909518
2112,0.123551,0.117374
2115,0.150464,0.142279
2118,0.176658,0.163951
2121,0.20843,0.183427
2124,0.239568,0.210312
2127,0.2703,0.224144
2130,0.289859,0.239545
2133,0.300763,0.24597
2136,0.310692,0.244676
2139,0.312437,0.228981
2142,0.318672,0.2149
2145,0.319577,0.254436
2148,0.310579,0.268163
2151,0.301443,0.27578
2154,0.292864,0.271611
2157,0.30355,0.280004
2160,0.31058,0.256273
2163,0.310905,0.270637
2166,0.310548,0.284245
2169,0.305982,0.280841
2172,0.293659,0.2293
2175,0.271984,0.172439
2178,0.241184,0.165554
2181,0.212223,0.190024
2184,0.187014,0.171888
2187,0.159941,0.151808
2190,0.133267,0.126604
2193,0.107043,0.101691
2196,0.0852823,0.0810181
2199,0.0664044,0.0630842
2202,0.051201,0.048246
2205,0.0401606,0.0381525
2208,0.0338109,0.0321204
2211,0.0264815,0.0251575
2214,0.0186114,0.0176808
2217,0.0142877,0.0135733
2220,0.0122709,0.0116573
2223,0.0110731,0.0105194
2226,0.0117667,0.0111783
2229,0.0122082,0.0115978
2232,0.0141754,0.0134666
2235,0.0124681,0.0118447
2238,0.0128535,0.0122108
2241,0.0127633,0.0121252
2244,0.0136451,0.0129628
2247,0.0134609,0.0127878
2250,0.013534,0.0128573
2253,0.0149252,0.0141789
2256,0.0173078,0.0164424
2259,0.0183319,0.0174153
2262,0.0176422,0.0167601
2265,0.0192567,0.0182939
2268,0.0352726,0.033509
2271,0.0562875,0.0534731
2274,0.0741713,0.0704628
2277,0.0851229,0.0808667
2280,0.0923321,0.0877155
2283,0.0991128,0.0941572
2286,0.100663,0.0956301
2289,0.103272,0.0981083
2292,0.102607,0.0974767
2295,0.101861,0.0967681
2298,0.105418,0.100147
2301,0.114772,0.109033
2304,0.115673,0.10989
2307,0.117817,0.111926
2310,0.122519,0.116393
2313,0.126871,0.120527
2316,0.121118,0.115062
2319,0.111145,0.105587
2322,0.103881,0.0986866
2325,0.0927187,0.0880828
2328,0.0837043,0.0795191
2331,0.0773559,0.0734881
2334,0.0704054,0.0668851
2337,0.061408,0.0583376
2340,0.0548232,0.052082
2343,0.0432146,0.0410538
2346,0.036298,0.0344831
2349,0.0354228,0.0336517
2352,0.034724,0.0329878
2355,0.0305649,0.0290366
2358,0.0276088,0.0262284
2361,0.0230644,0.0219112
2364,0.0204989,0.019474
2367,0.0188949,0.0179501
2370,0.0191757,0.0182169
2373,0.0204859,0.0194616
2376,0.0199673,0.0189689
2379,0.0184873,0.0175629
2382,0.0189759,0.0177601
2385,0.0418443,0.0397521
2388,0.0679262,0.0645298
2391,0.0763188,0.0725028
2394,0.0779895,0.07409
2397,0.0777544,0.0738666
2400,0.0761333,0.0723266
2403,0.0755951,0.0718154
2406,0.0772031,0.073343
2409,0.0779007,0.0740056
2412,0.0796628,0.0756796
2415,0.0804609,0.0764379
2418,0.0721257,0.0685194
2421,0.0593376,0.0563707
2424,0.0501912,0.0476817
2427,0.0369629,0.0351147
2430,0.0227783,0.0216394
2433,0.0212801,0.0202161
2436,0.0355378,0.0337609
2439,0.0434497,0.0412772
2442,0.0485414,0.0461144
2445,0.0512846,0.0487203
2448,0.0542328,0.0513653
2451,0.0561033,0.0532981
2454,0.0561412,0.0533341
2457,0.0545071,0.0517817
2460,0.0593872,0.0564179
2463,0.0636939,0.0605092
2466,0.0631884,0.060029
2469,0.0539924,0.0512928
2472,0.0441316,0.041925
2475,0.0354659,0.033398
2478,0.0344901,0.0327656
2481,0.0316425,0.0300604
2484,0.0272953,0.0259306
2487,0.023549,0.0223716
2490,0.0250251,0.0218938
2493,0.0256312,0.0227133
2496,0.0263457,0.0250284
2499,0.0278283,0.0264369
2502,0.0288419,0.0273998
2505,0.029853,0.0283603
2508,0.0382299,0.0354393
2511,0.0600443,0.0565193
2514,0.0823223,0.0782062
2517,0.0879326,0.083536
2520,0.0897052,0.0852199
2523,0.0903178,0.0858019
2526,0.0897352,0.0847999
2529,0.0905334,0.0819325
2532,0.0919898,0.0873903
2535,0.094375,0.0896563
2538,0.095633,0.0908513
2541,0.095565,0.0907868
2544,0.0970372,0.0921853
2547,0.0975558,0.092678
2550,0.0983761,0.0934573
2553,0.0983003,0.0933853
2556,0.0906784,0.0861444
2559,0.0804792,0.0764552
2562,0.0689333,0.0654866
2565,0.0525856,0.0499563
2568,0.0361282,0.0231467
2571,0.0228371,0.0216953
2574,0.0138619,0.0131688
2577,0.00948205,0.00785446
2580,0.00729408,0.0048501
2583,0.00666839,0.00633497
2586,0.00656258,0.00623446
2589,0.00647899,0.00615504
2592,0.00651687,0.00619102
2595,0.00631962,0.00600364
2598,0.00627521,0.00596145
2601,0.00639669,0.00607686
2604,0.00663443,0.00630271
2607,0.00670105,0.00636599
2610,0.00682383,0.00648264
2613,0.00691527,0.00584546
2616,0.00697667,0.00294559
2619,0.00680424,0.00476258
2622,0.00689568,0.00655089
2625,0.0155182,0.0144266
2628,0.0338854,0.0321911
2631,0.0444882,0.0422638
2634,0.0488693,0.0464258
2637,0.0584402,0.0555182
2640,0.0841837,0.0799745
2643,0.116697,0.107754
2646,0.146417,0.135817
2649,0.167257,0.158894
2652,0.179255,0.170292
2655,0.185618,0.176337
2658,0.194777,0.185038
2661,0.203129,0.192973
2664,0.203445,0.193273
2667,0.201664,0.19158
2670,0.203545,0.193367
2673,0.203492,0.193318
2676,0.206236,0.151114
2679,0.197635,0.187753
2682,0.19077,0.181231
2685,0.180926,0.171879
2688,0.170404,0.161884
2691,0.160996,0.152946
2694,0.152715,0.145079
2697,0.138682,0.131748
2700,0.124885,0.118641
2703,0.112356,0.0885568
2706,0.0979568,0.09264
2709,0.0857355,0.0814487
2712,0.0694153,0.0659445
2715,0.0587014,0.0509692
2718,0.058721,0.055785
2721,0.0603721,0.0573535
2724,0.0608123,0.057425
2727,0.0655919,0.0595701
2730,0.0814184,0.071372
2733,0.0942431,0.0888471
2736,0.100872,0.0958287
2739,0.106953,0.101605
2742,0.111431,0.087248
2745,0.113045,0.0824772
2748,0.120738,0.0969066
2751,0.12274,0.0915189
2754,0.125696,0.0948503
2757,0.126264,0.0960062
2760,0.126492,0.104608
2763,0.125532,0.0997566
2766,0.127727,0.102006
2769,0.130522,0.0982693
2772,0.132956,0.101491
2775,0.135165,0.109401
2778,0.13867,0.124177
2781,0.142579,0.13545
2784,0.144352,0.12785
2787,0.142032,0.134931
2790,0.142975,0.135444
2793,0.143756,0.0929752
2796,0.141234,0.0752901
2799,0.142657,0.0515083
2802,0.143632,0.061943
2805,0.143589,0.0389058
2808,0.143768,0.0332696
2811,0.141139,0.0349339
2814,0.144611,0.0348091
2817,0.146032,0.0336855
2820,0.145836,0.0302932
2823,0.146063,0.0290209
2826,0.145362,0.0300045
2829,0.145419,0.0312154
2832,0.146664,0.0261496
2835,0.147258,0.0392932
2838,0.147614,0.033982
2841,0.146928,0.0323192
2844,0.146183,0.0378172
2847,0.145656,0.0364678
2850,0.146805,0.0326653
2853,0.14892,0.0395701
2856,0.14884,0.0311422
2859,0.147759,0.0327463
2862,0.14527,0.0618528
2865,0.146501,0.0318411
2868,0.147804,0.0380484
2871,0.15009,0.0349343
2874,0.150107,0.0238704
2877,0.150043,0.0362666
2880,0.154665,0.0333981
2883,0.159384,0.03952
2886,0.16239,0.0546212
2889,0.165176,0.0358049
2892,0.16579,0.0426855
2895,0.164586,0.032065
2898,0.16517,0.0318803
2901,0.165759,0.0322286
2904,0.16491,0.0392751
2907,0.164477,0.0357492
2910,0.163904,0.0496245
2913,0.161487,0.040155
2916,0.162739,0.0367255
2919,0.162732,0.0501171
2922,0.165048,0.0461705
2925,0.164673,0.0413957
2928,0.163814,0.0457187
2931,0.166655,0.0230187
2934,0.171496,0.0255254
2937,0.16817,0.0462699
2940,0.16868,0.044206
2943,0.178322,0.0512127
2946,0.189778,0.0522904
2949,0.201442,0.0626071
2952,0.213106,0.0683219
2955,0.220918,0.0748316
2958,0.233178,0.0845743
2961,0.244519,0.0879065
2964,0.256978,0.10518
2967,0.26953,0.122828
2970,0.282357,0.132574
2973,0.295281,0.140749
2976,0.305764,0.13729
2979,0.313132,0.129552
2982,0.322456,0.135345
2985,0.3314,0.153129
2988,0.341764,0.175587
2991,0.355997,0.17432
2994,0.372521,0.188438
2997,0.390516,0.192922
3000,0.407779,0.194782
3003,0.421099,0.199941
3006,0.432389,0.197002
3009,0.451707,0.192088
3012,0.464077,0.176876
3015,0.490403,0.189608
3018,0.519214,0.188563
3021,0.536216,0.166661
3024,0.543143,0.169181
3027,0.546943,0.161904
3030,0.551213,0.155587
3033,0.552885,0.145246
3036,0.555271,0.155164
3039,0.556175,0.16105
3042,0.545224,0.149945
3045,0.545118,0.147324
3048,0.54368,0.151692
3051,0.540969,0.149847
3054,0.539878,0.141958
3057,0.545392,0.102035
3060,0.556227,0.089299
3063,0.565728,0.0945553
3066,0.575117,0.102271
3069,0.583506,0.100069
3072,0.58738,0.101023
3075,0.586621,0.109649
3078,0.590322,0.104197
3081,0.598133,0.105329
3084,0.609226,0.121525
3087,0.610768,0.142782
3090,0.627051,0.149286
3093,0.636148,0.149846
3096,0.636735,0.146884
3099,0.632881,0.15707
3102,0.631013,0.143238
3105,0.625507,0.148574
3108,0.621922,0.107741
3111,0.619877,0.130059
3114,0.619819,0.115325
3117,0.618419,0.10906
3120,0.616884,0.100227
3123,0.615544,0.0913916
3126,0.617031,0.0625849
3129,0.619984,0.0583305
3132,0.62251,0.0759674
3135,0.62207,0.0814602
3138,0.622253,0.0729892
3141,0.628997,0.0793819
3144,0.634613,0.0816548
3147,0.637635,0.0834992
3150,0.64245,0.0928742
3153,0.644096,0.0846722
3156,0.644087,0.0931014
3159,0.644872,0.10029
3162,0.642886,0.0855278
3165,0.644728,0.0736096
3168,0.645645,0.0757375
3171,0.645957,0.0727149
3174,0.645226,0.0786544
3177,0.645316,0.0768975
3180,0.650508,0.0520775
3183,0.657377,0.0481796
3186,0.664172,0.0708743
3189,0.670542,0.0427796
3192,0.676718,0.0508927
3195,0.679917,0.0719533
3198,0.676526,0.102442
3201,0.676545,0.0545985
3204,0.678979,0.0257474
3207,0.679493,0.0300071
3210,0.678812,0.0696739
3213,0.677545,0.0500606
3216,0.676896,0.0509097
3219,0.677945,0.0498843
3222,0.678821,0.0399829
3225,0.679303,0.0231506
3228,0.679749,0.0290653
3231,0.67961,0.0387733
3234,0.679591,0.0338631
3237,0.67896,0.0769497
3240,0.678776,0.0373077
3243,0.67781,0.0350897
3246,0.677996,0.0363385
3249,0.678855,0.030348
3252,0.677456,0.0319795
3255,0.676235,0.021655
3258,0.676859,0.0243093
3261,0.679117,0.0596798
3264,0.680587,0.0538161
3267,0.679745,0.0219541
3270,0.681732,0.0111593
3273,0.684083,0.017829
3276,0.685208,0.0196799
3279,0.685509,0.0217137
3282,0.68463,0.021591
3285,0.681999,0.054238
3288,0.67932,0.0373443
3291,0.677081,0.0170661
3294,0.6779,0.0168963
3297,0.677294,0.0194879
3300,0.677687,0.0238364
3303,0.677284,0.02122
3306,0.677174,0.0302057
3309,0.676299,0.0352843
3312,0.67957,0.103194
3315,0.679521,0.0431898
3318,0.679217,0.0310312
3321,0.677038,0.0377688
3324,0.674937,0.0591847
3327,0.67526,0.048275
3330,0.675878,0.0614694
3333,0.675825,0.0538971
3336,0.675301,0.0653541
3339,0.673713,0.065315
3342,0.674351,0.0731616
3345,0.67383,0.0523962
3348,0.674448,0.0508979
3351,0.674492,0.0404492
3354,0.674509,0.0484396
3357,0.676785,0.0513355
3360,0.677394,0.0707241
3363,0.675625,0.0592239
3366,0.675731,0.0493879
3369,0.674355,0.0495055
3372,0.672622,0.0378759
3375,0.670874,0.0338422
3378,0.668646,0.0362013
3381,0.668225,0.024999
3384,0.667896,0.0234341
3387,0.665567,0.0730584
3390,0.666818,0.029576
3393,0.666833,0.0319299
3396,0.665501,0.0362131
3399,0.666123,0.0225288
3402,0.666877,0.0341401
3405,0.670062,0.0622636
3408,0.671839,0.0471216
3411,0.67273,0.137412
3414,0.672703,0.0546638
3417,0.671229,0.0662385
3420,0.671583,0.0600874
3423,0.672259,0.0643287
3426,0.670521,0.0620742
3429,0.670184,0.0504969
3432,0.669926,0.0609077
3435,0.671927,0.112083
3438,0.674355,0.100654
3441,0.673749,0.0535352
3444,0.673551,0.0490875
3447,0.67376,0.051133
3450,0.673958,0.0336528
3453,0.67467,0.0659132
3456,0.675485,0.0493474
3459,0.676389,0.048706
3462,0.680086,0.131991
3465,0.678081,0.0697719
3468,0.676955,0.0800338
3471,0.676622,0.0669216
3474,0.673944,0.0545227
3477,0.673087,0.0704198
3480,0.672367,0.0394317
3483,0.670955,0.0252589
3486,0.672192,0.114959
3489,0.672284,0.0511931
3492,0.67598,0.0621369
3495,0.677962,0.076759
3498,0.678821,0.0599711
3501,0.680299,0.0749355
3504,0.680265,0.0648356
3507,0.679022,0.0469126
3510,0.675613,0.0925972
3513,0.669932,0.0851673
3516,0.671886,0.109932
3519,0.672914,0.071163
3522,0.673203,0.0911094
3525,0.676082,0.0718449
3528,0.6797,0.0798953
3531,0.680787,0.0264058
3534,0.680212,0.0247521
3537,0.674933,0.10408
3540,0.67241,0.0921766
3543,0.671487,0.0516386
3546,0.673056,0.0391757
3549,0.675911,0.0535
3552,0.674972,0.0550675
3555,0.674146,0.0400652
3558,0.674511,0.058239
3561,0.674304,0.114564
3564,0.675611,0.0724353
3567,0.675972,0.0628462
3570,0.675436,0.0940224
3573,0.673818,0.108405
3576,0.673457,0.0634914
3579,0.674458,0.0835515
3582,0.673919,0.0529553
3585,0.673197,0.0400704
3588,0.672984,0.0530689
3591,0.673942,0.0568649
3594,0.673925,0.0814236
3597,0.673479,0.0637083
3600,0.672853,0.0595414
3603,0.670984,0.0376617
3606,0.670757,0.0611441
3609,0.671267,0.0486786
3612,0.673553,0.047823
3615,0.676462,0.0380457
3618,0.680583,0.033257
3621,0.688029,0.095757
3624,0.690515,0.0742053
3627,0.689248,0.0718736
3630,0.689907,0.092818
3633,0.692338,0.0837918
3636,0.694001,0.0877328
3639,0.695902,0.0629507
3642,0.6977,0.0776721
3645,0.696332,0.106181
3648,0.695454,0.067755
3651,0.694656,0.0640897
3654,0.694649,0.0791429
3657,0.692016,0.0915692
3660,0.691839,0.0749681
3663,0.689203,0.0724836
3666,0.688639,0.0681848
3669,0.688941,0.0851294
3672,0.691205,0.0669334
3675,0.688821,0.0613805
3678,0.689031,0.0351629
3681,0.688119,0.024419
3684,0.687004,0.0287871
3687,0.686817,0.0358055
3690,0.686532,0.0289099
3693,0.685577,0.0236548
3696,0.681512,0.0450355
3699,0.677425,0.0320213
3702,0.6788,0.0825561
3705,0.678177,0.079156
3708,0.678395,0.075377
3711,0.678693,0.0785499
3714,0.679711,0.0585943
3717,0.681626,0.0738461
3720,0.679457,0.089922
3723,0.680094,0.0788581
3726,0.681084,0.0836586
3729,0.681018,0.0995896
3732,0.680006,0.108493
3735,0.678188,0.0815412
3738,0.677461,0.0651256
3741,0.676265,0.0933875
3744,0.674694,0.134598
3747,0.67229,0.072131
3750,0.672331,0.0763397
3753,0.67159,0.0703571
3756,0.669904,0.0441864
3759,0.666942,0.0241852
3762,0.664923,0.0254326
3765,0.663472,0.0475748
3768,0.663468,0.068574
3771,0.662343,0.112113
3774,0.663517,0.0398105
3777,0.663327,0.0248905
3780,0.663844,0.0273202
3783,0.664752,0.0361256
3786,0.666643,0.032101
3789,0.669414,0.0417032
3792,0.671484,0.0387916
3795,0.672994,0.0826462
3798,0.673965,0.0469426
3801,0.674377,0.0600403
3804,0.672007,0.050476
3807,0.669735,0.0847349
3810,0.670379,0.0844031
3813,0.670507,0.0460073
3816,0.670089,0.0408829
3819,0.673449,0.0784976
3822,0.684852,0.0637945
3825,0.685136,0.037309
3828,0.685564,0.0403291
3831,0.686723,0.0396629
3834,0.687077,0.0315119
3837,0.688393,0.0420533
3840,0.690233,0.0389797
3843,0.691043,0.0220991
3846,0.688984,0.122354
3849,0.689113,0.0483978
3852,0.690982,0.0434236
3855,0.691971,0.0306877
3858,0.692017,0.0332845
3861,0.69311,0.0352334
3864,0.693169,0.0343582
3867,0.694708,0.0246972
3870,0.691801,0.0699286
3873,0.693442,0.0597961
3876,0.693739,0.0522473
3879,0.693293,0.0317013
3882,0.692499,0.0304408
3885,0.69301,0.0299209
3888,0.691348,0.0312402
3891,0.690335,0.0321076
3894,0.690672,0.0741857
3897,0.689736,0.0394474
3900,0.692925,0.0437345
3903,0.692938,0.0342354
3906,0.693049,0.0398053
3909,0.696742,0.0380209
3912,0.696082,0.0313068
3915,0.691255,0.034144
3918,0.692822,0.0327685
3921,0.687173,0.0799175
3924,0.687267,0.0368113
3927,0.687774,0.0262699
3930,0.68918,0.0300267
3933,0.690281,0.0487269
3936,0.690195,0.0446828
3939,0.691255,0.0484983
3942,0.695501,0.0321676
3945,0.688618,0.0870287
3948,0.685164,0.0467989
3951,0.685568,0.0659158
3954,0.691472,0.0833712
3957,0.694883,0.0573965
3960,0.700548,0.0466487
3963,0.708567,0.0317078
3966,0.717597,0.0221265
3969,0.729957,0.0566741
3972,0.739367,0.054332
3975,0.73809,0.0293631
3978,0.739119,0.0262791
3981,0.741643,0.0312154
3984,0.733621,0.023455
3987,0.723006,0.0263026
3990,0.715044,0.0288837
3993,0.7082,0.0209378
3996,0.697023,0.0543203
3999,0.689462,0.0726691
4002,0.686549,0.0913707
4005,0.685674,0.0477342
4008,0.684776,0.0595518
4011,0.685801,0.0565004
4014,0.687267,0.0311827
4017,0.692451,0.0204284
4020,0.699703,0.0770046
4023,0.707482,0.0299784
4026,0.706933,0.0309411
4029,0.70852,0.0140617
4032,0.7143,0.033338
4035,0.72068,0.0581032
4038,0.726301,0.0400469
4041,0.730443,0.0418286
4044,0.732243,0.0920225
4047,0.730956,0.055586
4050,0.732541,0.0581437
4053,0.730076,0.088446
4056,0.727273,0.0694218
4059,0.719419,0.0654508
4062,0.717524,0.0642517
4065,0.71741,0.0332636
4068,0.724471,0.017957
4071,0.727326,0.0303075
4074,0.725898,0.0259826
4077,0.732089,0.0429716
4080,0.738159,0.059267
4083,0.742468,0.0349134
4086,0.742194,0.0655109
4089,0.742068,0.0534438
4092,0.744452,0.0392775
4095,0.741167,0.0677746
4098,0.738028,0.0358735
4101,0.738747,0.0321533
4104,0.739408,0.0303768
4107,0.736326,0.0562705
4110,0.730704,0.0403617
4113,0.721445,0.0491005
4116,0.715735,0.0309999
4119,0.713053,0.0647729
4122,0.707603,0.0455488
4125,0.70494,0.0186415
4128,0.701922,0.0232447
4131,0.698616,0.0543987
4134,0.698695,0.0686106
4137,0.699875,0.101559
4140,0.696538,0.044739
4143,0.698388,0.0747892
4146,0.697245,0.109833
4149,0.69801,0.0841079
4152,0.698678,0.0867988
4155,0.700022,0.106221
4158,0.70506,0.0917808
4161,0.707167,0.121307
4164,0.709198,0.116849
4167,0.712069,0.119656
4170,0.719433,0.12613
4173,0.726409,0.134179
4176,0.73949,0.142718
4179,0.752161,0.160341
4182,0.766999,0.135317
4185,0.775254,0.131795
4188,0.784045,0.134219
4191,0.795275,0.135118
4194,0.806747,0.162996
4197,0.816692,0.139945
4200,0.826508,0.183777
4203,0.833538,0.221664
4206,0.836137,0.276612
4209,0.843766,0.318556
4212,0.854109,0.40035
4215,0.861955,0.440892
4218,0.87067,0.439032
4221,0.875205,0.487224
4224,0.881253,0.40466
4227,0.89122,0.29486
4230,0.893784,0.488003
4233,0.897063,0.521783
4236,0.894079,0.531155
4239,0.881573,0.532906
4242,0.841798,0.556702
4245,0.800941,0.574546
4248,0.783474,0.574244
4251,0.759426,0.570991
4254,0.756043,0.539059
4257,0.745689,0.615151
4260,0.746529,0.626838
4263,0.736375,0.653851
4266,0.730035,0.666087
4269,0.718376,0.614928
4272,0.713114,0.650058
4275,0.721818,0.635922
4278,0.732063,0.664355
4281,0.750099,0.680643
4284,0.752596,0.597057
4287,0.756935,0.669271
4290,0.7587,0.592743
4293,0.749544,0.663965
4296,0.741385,0.579555
4299,0.749244,0.686308
4302,0.750556,0.668691
4305,0.758854,0.605244
4308,0.762479,0.597397
4311,0.755929,0.718133
4314,0.755416,0.693244
4317,0.747504,0.591106
4320,0.719103,0.662977
4323,0.704034,0.668833
4326,0.696251,0.630946
4329,0.680936,0.608802
4332,0.666972,0.633624
4335,0.663383,0.62806
4338,0.657715,0.624829
4341,0.654341,0.559557
4344,0.646375,0.614057
4347,0.63908,0.571147
4350,0.644246,0.604858
4353,0.640111,0.608105
4356,0.632487,0.596388
4359,0.626335,0.573473
4362,0.626835,0.595494
4365,0.625239,0.573485
4368,0.617562,0.517957
4371,0.614375,0.53546
4374,0.61171,0.538547
4377,0.599753,0.566155
4380,0.598816,0.545048
4383,0.600691,0.557742
4386,0.603433,0.570347
4389,0.59929,0.569326
4392,0.596097,0.457616
4395,0.588535,0.460629
4398,0.579924,0.540338
4401,0.566496,0.538171
4404,0.55307,0.525417
4407,0.540138,0.513131
4410,0.534975,0.508226
4413,0.531875,0.505281
4416,0.537214,0.510353
4419,0.542072,0.322192
4422,0.544367,0.517148
4425,0.553837,0.526145
4428,0.547647,0.475379
4431,0.537241,0.510379
4434,0.532706,0.447137
4437,0.521021,0.426722
4440,0.507561,0.482183
4443,0.501335,0.476268
4446,0.506181,0.438146
4449,0.515998,0.490198
4452,0.520094,0.494089
4455,0.530865,0.504322
4458,0.541791,0.49921
4461,0.535113,0.508358
4464,0.526435,0.500113
4467,0.531281,0.504717
4470,0.543911,0.516715
4473,0.550399,0.522879
4476,0.548757,0.521319
4479,0.532246,0.505634
4482,0.526589,0.500259
4485,0.513069,0.487416
4488,0.500609,0.462637
4491,0.503805,0.471971
4494,0.503023,0.477872
4497,0.49776,0.446448
4500,0.526966,0.500618
4503,0.546596,0.519267
4506,0.555718,0.52556
4509,0.565948,0.537651
4512,0.591431,0.561859
4515,0.621322,0.590256
4518,0.637048,0.528081
4521,0.636415,0.580915
4524,0.652995,0.584115
4527,0.669785,0.608144
4530,0.708137,0.585759
4533,0.714919,0.550831
4536,0.71398,0.622253
4539,0.70466,0.582213
4542,0.690767,0.556611
4545,0.670732,0.46595
4548,0.657375,0.35087
4551,0.651561,0.563569
4554,0.64832,0.513729
4557,0.640941,0.604179
4560,0.607991,0.55222
4563,0.603109,0.572953
4566,0.585007,0.555756
4569,0.577809,0.548919
4572,0.557696,0.529811
4575,0.557664,0.529781
4578,0.560914,0.532869
4581,0.551198,0.523638
4584,0.542531,0.466705
4587,0.538179,0.411597
4590,0.528869,0.468119
4593,0.539432,0.469981
4596,0.532813,0.442673
4599,0.526549,0.500222
4602,0.517244,0.491382
4605,0.509861,0.484368
4608,0.507463,0.482089
4611,0.504257,0.479044
4614,0.481317,0.457251
4617,0.464829,0.42644
4620,0.444494,0.422269
4623,0.428914,0.407468
4626,0.409493,0.389018
4629,0.405681,0.30969
4632,0.411502,0.381796
4635,0.409077,0.386217
4638,0.402442,0.38232
4641,0.408742,0.388305
4644,0.417661,0.396778
4647,0.430188,0.394237
4650,0.445515,0.39506
4653,0.45282,0.400438
4656,0.456473,0.43365
4659,0.454211,0.40431
4662,0.44794,0.360877
4665,0.434434,0.352543
4668,0.415844,0.395052
4671,0.410438,0.340613
4674,0.397737,0.297616
4677,0.370974,0.352425
4680,0.343124,0.279113
4683,0.3265,0.310175
4686,0.315694,0.299909
4689,0.315396,0.299626
4692,0.3111,0.294941
4695,0.295498,0.274508
4698,0.297434,0.282562
4701,0.303729,0.288542
4704,0.308682,0.277959
4707,0.322744,0.306606
4710,0.336438,0.319616
4713,0.365596,0.345331
4716,0.395594,0.371758
4719,0.411521,0.385791
4722,0.409939,0.389443
4725,0.409433,0.382671
4728,0.414323,0.393607
4731,0.418421,0.3975
4734,0.418893,0.397948
4737,0.414424,0.393703
4740,0.412944,0.392297
4743,0.409023,0.388571
4746,0.396765,0.376926
4749,0.381876,0.362782
4752,0.357942,0.340045
4755,0.334668,0.317935
4758,0.315169,0.29941
4761,0.284795,0.270555
4764,0.255241,0.242479
4767,0.230722,0.219186
4770,0.209207,0.197363
4773,0.189837,0.180345
4776,0.1708,0.16226
4779,0.153011,0.145361
4782,0.133508,0.126832
4785,0.110273,0.10476
4788,0.0906914,0.0861569
4791,0.0756121,0.0718315
4794,0.056038,0.0532361
4797,0.0391156,0.0371598
4800,0.0227849,0.0216456
4803,0.0114976,0.0109227
4806,0.00419828,0.00398836
4809,0.0,0.0
4812,0.000308274,0.000292861
4815,0.000860817,0.000817776
4818,0.000809873,0.000769379
4821,0.000973154,0.000924496
4824,0.00135327,0.00128561
4827,0.00258114,0.00245209
4830,0.00349682,0.00332198
4833,0.00387955,0.00368558
4836,0.00630917,0.00599371
4839,0.00634052,0.00595126
4842,0.00664618,0.00631388
4845,0.00735548,0.0056874
4848,0.00741165,0.00704106
4851,0.00720003,0.00684003
4854,0.00755795,0.00629089
4857,0.00788973,0.0067337
4860,0.00768857,0.00615242
4863,0.00767159,0.00728801
4866,0.00714909,0.00679164
4869,0.00704198,0.00668988
4872,0.0068369,0.00640061
4875,0.006607,0.00623994
4878,0.00673762,0.00640074
4881,0.00668798,0.00635359
4884,0.00624255,0.00587942
4887,0.00632093,0.00600488
4890,0.00631962,0.00600364
4893,0.0062112,0.0050186
4896,0.00551106,0.0052355
4899,0.00519364,0.00493396
4902,0.00515968,0.00490169
4905,0.00430539,0.00409012
4908,0.00287244,0.00272882
4911,0.000829467,0.000787994
4914,0.0,0.0
4917,0.0117236,0.0101221
4920,0.0332531,0.0315905
4923,0.04215,0.0400425
4926,0.0557898,0.0530003
4929,0.082897,0.0787522
4932,0.102745,0.0769615
4935,0.108228,0.102816
4938,0.111803,0.106213
4941,0.115813,0.110023
4944,0.119904,0.113909
4947,0.123574,0.117395
4950,0.125788,0.119498
4953,0.123132,0.116975
4956,0.11447,0.108747
4959,0.105097,0.0998419
4962,0.0964402,0.0916182
4965,0.0924483,0.0878259
4968,0.10215,0.0970423
4971,0.10941,0.103939
4974,0.119928,0.113931
4977,0.130488,0.123963
4980,0.12715,0.120793
4983,0.118964,0.113016
4986,0.111176,0.105617
4989,0.104202,0.0989918
4992,0.10581,0.100519
4995,0.106604,0.101274
4998,0.10968,0.104196
5001,0.110876,0.105332
5004,0.110528,0.105002
5007,0.105819,0.100528
5010,0.0993453,0.094378
5013,0.093752,0.0890644
5016,0.0841145,0.0799087
5019,0.0682135,0.0486303
5022,0.0615961,0.0433622
5025,0.0510338,0.0484821
5028,0.0394434,0.0374713
5031,0.0318894,0.0302949
5034,0.0257527,0.024465
5037,0.0200979,0.019093
5040,0.0202507,0.0192382
5043,0.0208947,0.01985
5046,0.0252341,0.0239724
5049,0.0402964,0.0382816
5052,0.0597477,0.0567604
5055,0.0810892,0.0770347
5058,0.105325,0.100059
5061,0.129787,0.123298
5064,0.153847,0.146155
5067,0.173762,0.165074
5070,0.196716,0.18688
5073,0.213372,0.202703
5076,0.225995,0.214695
5079,0.237165,0.225307
5082,0.241502,0.229426
5085,0.225518,0.214242
5088,0.207689,0.197305
5091,0.1851,0.175845
5094,0.167718,0.159332
5097,0.158267,0.141591
5100,0.15266,0.145027
5103,0.142977,0.135828
5106,0.129543,0.123066
5109,0.101314,0.0962481
5112,0.073432,0.0697604
5115,0.0606033,0.0575732
5118,0.059271,0.0563074
5121,0.049704,0.0472188
5124,0.0378799,0.0359859
5127,0.0290862,0.0276319
5130,0.017812,0.0100019
5133,0.00567956,0.00490365
5136,0.0,0.0
5139,0.0,0.0
5142,0.0,0.0
5145,0.0,0.0
5148,0.0,0.0
5151,0.0,0.0
5154,0.0,0.0
5157,0.0,0.0
5160,0.0,0.0
5163,0.0,0.0
5166,0.0,0.0
5169,0.0,0.0
5172,0.0,0.0
5175,0.0,0.0
5178,0.0,0.0
5181,0.0,0.0
5184,0.0,0.0
5187,0.0,0.0
5190,0.0,0.0
5193,0.0,0.0
5196,0.0,0.0
5199,0.0,0.0
5202,0.0,0.0
5205,0.0,0.0
5208,0.0,0.0
5211,0.0,0.0
5214,0.0,0.0
5217,0.0,0.0
5220,0.0,0.0
5223,0.0,0.0
5226,0.0,0.0
5229,0.0,0.0
5232,0.0,0.0
5235,0.0,0.0
5238,0.0,0.0
5241,0.0,0.0
5244,0.0,0.0
5247,0.0,0.0
5250,0.0,0.0
5253,0.0,0.0
5256,0.0017151,0.0013585
5259,0.0196433,0.0107517
5262,0.0418966,0.0362601
5265,0.054528,0.0518016
5268,0.0596707,0.0566871
5271,0.0637723,0.0605837
5274,0.0661575,0.0628496
5277,0.0682775,0.0648637
5280,0.0692664,0.065803
5283,0.0700331,0.0665315
5286,0.0711173,0.0675614
5289,0.0835306,0.0671005
5292,0.108748,0.0964301
5295,0.128011,0.118134
5298,0.141258,0.134195
5301,0.148172,0.140763
5304,0.154234,0.14617
5307,0.157985,0.150086
5310,0.160691,0.138293
5313,0.162701,0.153881
5316,0.161537,0.10619
5319,0.15839,0.086595
5322,0.156687,0.0858701
5325,0.153602,0.0856288
5328,0.16048,0.0687543
5331,0.17315,0.0863482
5334,0.185384,0.091743
5337,0.191024,0.117167
5340,0.194063,0.119983
5343,0.19789,0.116329
5346,0.202515,0.114018
5349,0.204362,0.0946177
5352,0.21674,0.0946799
5355,0.237086,0.111788
5358,0.25636,0.117674
5361,0.272483,0.132015
5364,0.275234,0.144479
5367,0.276032,0.146888
5370,0.277089,0.157139
5373,0.279253,0.148961
5376,0.282465,0.157309
5379,0.284558,0.15717
5382,0.286805,0.146309
5385,0.293281,0.134896
5388,0.308052,0.138479
5391,0.319031,0.127388
5394,0.324404,0.142193
5397,0.323846,0.120072
5400,0.322041,0.11875
5403,0.321639,0.11367
5406,0.320421,0.116644
5409,0.322762,0.108901
5412,0.324046,0.118266
5415,0.326465,0.126724
5418,0.339777,0.0776734
5421,0.354445,0.0861
5424,0.364814,0.0958315
5427,0.37071,0.0899351
5430,0.37713,0.0832262
5433,0.385527,0.106001
5436,0.391673,0.124485
5439,0.406081,0.14663
5442,0.418758,0.162813
5445,0.425494,0.182005
5448,0.434703,0.166228
5451,0.438337,0.164826
5454,0.438231,0.166289
5457,0.43838,0.158167
5460,0.435108,0.16199
5463,0.432902,0.150899
5466,0.431417,0.123396
5469,0.427532,0.126166
5472,0.422351,0.0928115
5475,0.421896,0.0979855
5478,0.425765,0.048275
5481,0.433933,0.0466304
5484,0.445151,0.0507464
5487,0.456456,0.0700514
5490,0.469593,0.07594
5493,0.482589,0.0859249
5496,0.495004,0.142344
5499,0.506953,0.105728
5502,0.515759,0.101392
5505,0.523771,0.10943
5508,0.533385,0.123256
5511,0.539864,0.136373
5514,0.541873,0.130555
5517,0.545699,0.14051
5520,0.55801,0.060265
5523,0.569362,0.0640401
5526,0.580567,0.0623511
5529,0.597291,0.0730937
5532,0.611829,0.0747369
5535,0.626127,0.0929316
5538,0.636607,0.101497
5541,0.647691,0.111156
5544,0.65522,0.133958
5547,0.661985,0.160004
5550,0.663496,0.105302
5553,0.670396,0.131104
5556,0.675087,0.139268
5559,0.679135,0.106325
5562,0.683038,0.124572
5565,0.690844,0.124976
5568,0.697843,0.103231
5571,0.698983,0.202101
5574,0.709252,0.135595
5577,0.716479,0.149107
5580,0.724808,0.116841
5583,0.728806,0.122118
5586,0.731856,0.0991899
5589,0.734808,0.0917821
5592,0.735391,0.130768
5595,0.732679,0.157127
5598,0.730709,0.130853
5601,0.728757,0.117227
5604,0.730384,0.0821669
5607,0.734671,0.0781972
5610,0.740572,0.104926
5613,0.741093,0.0683089
5616,0.739354,0.0890129
5619,0.738662,0.121802
5622,0.738414,0.0936866
5625,0.739217,0.11405
5628,0.738313,0.0954644
5631,0.73625,0.0876949
5634,0.73415,0.0763358
5637,0.735225,0.0827063
5640,0.733961,0.0813374
5643,0.732303,0.0951523
5646,0.73333,0.101378
5649,0.734023,0.0739493
5652,0.730098,0.112375
5655,0.723303,0.0938186
5658,0.720127,0.0832197
5661,0.719686,0.0950608
5664,0.720818,0.0665415
5667,0.722604,0.0659955
5670,0.72301,0.111766
5673,0.723119,0.0508522
5676,0.723347,0.0418051
5679,0.722035,0.0306798
5682,0.72388,0.0252302
5685,0.72681,0.030173
5688,0.728926,0.0263823
5691,0.727627,0.0322421
5694,0.726241,0.0759792
5697,0.72603,0.0753247
5700,0.726792,0.0553117
5703,0.726674,0.0270733
5706,0.730443,0.0352857
5709,0.735378,0.0301939
5712,0.762981,0.0381529
5715,0.779895,0.0273149
5718,0.806233,0.0366298
5721,0.85209,0.102252
5724,0.853359,0.0994093
5727,0.854983,0.0245731
5730,0.857616,0.0212357
5733,0.859804,0.0426098
5736,0.865393,0.0526901
149601857