Frame_Num,Queue_Density,Dynamic_Density
3,0.118166,0.0739536
6,0.0953782,0.0732794
9,0.100418,0.074207
12,0.0995308,0.0807078
15,0.103021,0.0832228
18,0.105363,0.058194
21,0.105879,0.0731278
24,0.110243,0.083155
27,0.117213,0.0891863
30,0.121669,0.086827
33,0.123499,0.0958952
36,0.124655,0.0965654
39,0.125598,0.0843776
42,0.12672,0.0692346
45,0.127093,0.068483
48,0.127422,0.0453418
51,0.127602,0.032589
54,0.131082,0.0305587
57,0.132683,0.0364775
60,0.133205,0.0424345
63,0.132824,0.0335512
66,0.133236,0.0346665
69,0.136111,0.0405799
72,0.139292,0.0398027
75,0.143135,0.0433922
78,0.14724,0.0561823
81,0.15699,0.0787643
84,0.168015,0.0718353
87,0.181719,0.0892262
90,0.194754,0.101097
93,0.201041,0.102842
96,0.1997,0.152563
99,0.202622,0.114607
102,0.204051,0.090887
105,0.203805,0.0896329
108,0.210297,0.0992054
111,0.218761,0.104334
114,0.228657,0.112324
117,0.234905,0.122219
120,0.234029,0.140809
123,0.234005,0.125654
126,0.234577,0.132229
129,0.237395,0.134459
132,0.242237,0.133233
135,0.244983,0.128717
138,0.246945,0.116419
141,0.250627,0.113733
144,0.249583,0.141399
147,0.249568,0.119125
150,0.246484,0.105355
153,0.243718,0.0853611
156,0.241705,0.103112
159,0.236574,0.0920687
162,0.232414,0.105848
165,0.228546,0.0951265
168,0.228173,0.0860184
171,0.221225,0.094241
174,0.219614,0.0914543
177,0.217414,0.0930753
180,0.21934,0.0815568
183,0.218407,0.0681809
186,0.217275,0.0441655
189,0.215949,0.0647637
192,0.215895,0.0475918
195,0.214281,0.0561556
198,0.214236,0.0359753
201,0.213895,0.0245836
204,0.214535,0.0377479
207,0.214452,0.0255737
210,0.214319,0.0369132
213,0.214598,0.0313147
216,0.213927,0.0301038
219,0.21378,0.0770856
222,0.214236,0.0381398
225,0.214832,0.0493461
228,0.21432,0.0504211
231,0.215345,0.0266331
234,0.216142,0.0264136
237,0.215704,0.0254431
240,0.2142,0.0227169
243,0.216308,0.0195846
246,0.211814,0.0931367
249,0.213076,0.045298
252,0.212708,0.0398092
255,0.214023,0.0284305
258,0.215091,0.0462503
261,0.215074,0.0550897
264,0.215409,0.0413009
267,0.216132,0.0258219
270,0.214678,0.0958824
273,0.212643,0.0502383
276,0.214882,0.0300748
279,0.217017,0.0421828
282,0.220868,0.0467086
285,0.224744,0.028479
288,0.224217,0.029378
291,0.220129,0.0423234
294,0.217002,0.0700182
297,0.212891,0.0528934
300,0.210233,0.0928604
303,0.209197,0.0478374
306,0.20974,0.0420403
309,0.210438,0.0378929
312,0.212576,0.0263379
315,0.214309,0.0341388
318,0.21488,0.0262334
321,0.212978,0.068305
324,0.214107,0.0424792
327,0.213881,0.0525751
330,0.214065,0.0522538
333,0.213786,0.0375546
336,0.21352,0.0394069
339,0.213865,0.0329044
342,0.219178,0.0331001
345,0.222987,0.0656201
348,0.225219,0.0516915
351,0.224937,0.0434793
354,0.224337,0.072012
357,0.224838,0.0512872
360,0.225399,0.0582787
363,0.225593,0.0387021
366,0.225437,0.0351438
369,0.224162,0.0329511
372,0.224189,0.04399
375,0.224143,0.0482193
378,0.223398,0.041535
381,0.222651,0.0345598
384,0.227479,0.0407987
387,0.231558,0.0392016
390,0.236329,0.0509601
393,0.239702,0.0515448
396,0.241315,0.106066
399,0.242776,0.0658605
402,0.243808,0.0740295
405,0.247651,0.0519715
408,0.258616,0.0615924
411,0.269825,0.0771878
414,0.28445,0.0912579
417,0.29792,0.0988482
420,0.304896,0.148323
423,0.315469,0.133734
426,0.330132,0.136937
429,0.342033,0.146989
432,0.354373,0.164669
435,0.364306,0.172237
438,0.370304,0.172734
441,0.374233,0.175306
444,0.371339,0.19823
447,0.372654,0.187276
450,0.382465,0.187059
453,0.389183,0.194056
456,0.39311,0.185597
459,0.395609,0.189008
462,0.397153,0.194988
465,0.398012,0.187588
468,0.397855,0.19023
471,0.397956,0.215233
474,0.400136,0.193353
477,0.399926,0.16902
480,0.399138,0.164368
483,0.399214,0.155483
486,0.399774,0.150841
489,0.401406,0.111273
492,0.40219,0.129581
495,0.39912,0.170004
498,0.401403,0.16082
501,0.41364,0.12721
504,0.427356,0.075953
507,0.442623,0.120069
510,0.456693,0.128655
513,0.466636,0.108882
516,0.472116,0.123864
519,0.477301,0.165953
522,0.485332,0.146466
525,0.489446,0.0883585
528,0.492193,0.0998952
531,0.4957,0.109678
534,0.497098,0.101707
537,0.499638,0.0953286
540,0.50208,0.0879979
543,0.50275,0.0913236
546,0.499241,0.134427
549,0.498465,0.115608
552,0.496094,0.124163
555,0.494451,0.133617
558,0.492953,0.118102
561,0.491519,0.127974
564,0.487894,0.123225
567,0.483608,0.0952319
570,0.484121,0.149958
573,0.48909,0.0867596
576,0.49661,0.0648539
579,0.503344,0.0782507
582,0.511488,0.108232
585,0.518212,0.0870143
588,0.524945,0.0802872
591,0.530055,0.0833908
594,0.535811,0.104419
597,0.546512,0.119655
600,0.553247,0.12248
603,0.561785,0.11516
606,0.570287,0.144607
609,0.582133,0.10794
612,0.590275,0.117288
615,0.597859,0.116833
618,0.602704,0.116526
621,0.608317,0.139924
624,0.613756,0.137011
627,0.61827,0.123566
630,0.621625,0.128159
633,0.625349,0.104346
636,0.627025,0.0947656
639,0.626323,0.0871319
642,0.623491,0.0926077
645,0.622821,0.173404
648,0.624451,0.12245
651,0.627245,0.113471
654,0.628211,0.146156
657,0.630345,0.122445
660,0.631243,0.128543
663,0.632946,0.131425
666,0.635396,0.119789
669,0.633963,0.177706
672,0.631824,0.140749
675,0.634196,0.128659
678,0.636006,0.130422
681,0.637921,0.131348
684,0.639149,0.123092
687,0.641025,0.146628
690,0.643037,0.150683
693,0.644737,0.107705
696,0.643917,0.1862
699,0.645242,0.114551
702,0.646413,0.105785
705,0.647658,0.0978836
708,0.648783,0.0947695
711,0.650298,0.0711212
714,0.651369,0.0770163
717,0.651924,0.0682201
720,0.64797,0.141938
723,0.647441,0.0634653
726,0.647249,0.0575141
729,0.647706,0.0534712
732,0.650796,0.0309659
735,0.651956,0.0288798
738,0.654466,0.0361804
741,0.656658,0.0502814
744,0.654304,0.110174
747,0.653564,0.067115
750,0.65429,0.0819709
753,0.653373,0.0981788
756,0.655946,0.0977634
759,0.654858,0.0688745
762,0.657128,0.073513
765,0.656005,0.0983095
768,0.657236,0.071743
771,0.657921,0.153467
774,0.654491,0.082914
777,0.655437,0.0816692
780,0.656526,0.0873304
783,0.662408,0.0529866
786,0.662704,0.0522734
789,0.668388,0.0402664
792,0.675889,0.056183
795,0.676686,0.120474
798,0.684518,0.0814288
801,0.685616,0.0764651
804,0.684877,0.0734934
807,0.69003,0.0609991
810,0.689834,0.0832693
813,0.693891,0.0914072
816,0.697187,0.0468681
819,0.69889,0.0803682
822,0.701927,0.0426477
825,0.704648,0.0437162
828,0.706793,0.0369694
831,0.710463,0.0481914
834,0.70906,0.0556709
837,0.706614,0.0640531
840,0.708119,0.062321
843,0.707914,0.0619801
846,0.708634,0.152314
849,0.710546,0.0764377
852,0.710884,0.0312467
855,0.711685,0.0397191
858,0.707446,0.0542262
861,0.707725,0.0512519
864,0.705078,0.0603787
867,0.707382,0.0477094
870,0.703645,0.12744
873,0.702281,0.0678517
876,0.70407,0.0639839
879,0.7054,0.0642909
882,0.710367,0.0523962
885,0.709152,0.0514087
888,0.710107,0.0404806
891,0.710746,0.0510351
894,0.713159,0.0207876
897,0.714115,0.0502356
900,0.714849,0.0326314
903,0.71786,0.0460491
906,0.712414,0.151483
909,0.714163,0.0456089
912,0.71481,0.0332597
915,0.714285,0.0336633
918,0.708647,0.0328456
921,0.707881,0.0395414
924,0.709539,0.0442086
927,0.711438,0.0470432
930,0.707941,0.114009
933,0.708101,0.0800586
936,0.711765,0.0324171
939,0.715945,0.049832
942,0.716571,0.0537364
945,0.716484,0.0527867
948,0.71764,0.0592383
951,0.71826,0.059412
954,0.719229,0.0792605
957,0.719506,0.0952959
960,0.721523,0.0570582
963,0.722463,0.061293
966,0.723235,0.0602964
969,0.722948,0.0383122
972,0.727135,0.049879
975,0.728557,0.038405
978,0.729173,0.0548402
981,0.723469,0.122078
984,0.721677,0.0615046
987,0.722617,0.0596772
990,0.719389,0.0638703
993,0.717264,0.0632759
996,0.717369,0.0466435
999,0.716298,0.0502422
1002,0.721084,0.0665663
1005,0.715822,0.165926
1008,0.713404,0.0999592
1011,0.712192,0.0726104
1014,0.714503,0.0629689
1017,0.714717,0.0571352
1020,0.714573,0.0562248
1023,0.712161,0.0656925
1026,0.7122,0.0505021
1029,0.712006,0.0456259
1032,0.711893,0.0483207
1035,0.70997,0.111962
1038,0.70602,0.0705073
1041,0.707192,0.0558042
1044,0.708613,0.0491972
1047,0.707407,0.0700175
1050,0.707147,0.060376
1053,0.70706,0.0476597
1056,0.706667,0.0562052
1059,0.706994,0.0512271
1062,0.700839,0.144518
1065,0.700207,0.0722159
1068,0.69922,0.0688118
1071,0.70032,0.0633726
1074,0.701084,0.0798875
1077,0.701658,0.0437932
1080,0.701572,0.0476388
1083,0.702163,0.0532139
1086,0.70549,0.0676336
1089,0.709283,0.0424909
1092,0.711299,0.0550975
1095,0.711798,0.0493592
1098,0.712295,0.0479824
1101,0.712509,0.0511278
1104,0.712304,0.0538474
1107,0.71134,0.0588699
1110,0.711057,0.0886524
1113,0.710532,0.0685806
1116,0.711547,0.0454718
1119,0.707769,0.042999
1122,0.707764,0.0485911
1125,0.709097,0.0358944
1128,0.70966,0.0431323
1131,0.71046,0.0544444
1134,0.710631,0.0533563
1137,0.712118,0.108038
1140,0.712219,0.0627181
1143,0.714811,0.0475187
1146,0.714947,0.0498046
1149,0.714879,0.0546377
1152,0.711636,0.0482541
1155,0.709694,0.0555024
1158,0.709903,0.0520409
1161,0.706536,0.109833
1164,0.7041,0.0592148
1167,0.704123,0.0514126
1170,0.703428,0.0534137
1173,0.705036,0.0545188
1176,0.704965,0.048356
1179,0.704003,0.046744
1182,0.704125,0.0555834
1185,0.704224,0.0663848
1188,0.705478,0.0408868
1191,0.708406,0.0455305
1194,0.710938,0.0402455
1197,0.711442,0.0435607
1200,0.712929,0.0323427
1203,0.714223,0.0306589
1206,0.714977,0.0248239
1209,0.716603,0.0347867
1212,0.728186,0.137985
1215,0.728508,0.0273136
1218,0.72889,0.0484905
1221,0.729544,0.0395623
1224,0.729565,0.0482593
1227,0.728636,0.0268212
1230,0.728878,0.0356462
1233,0.727985,0.0331107
1236,0.730425,0.0786374
1239,0.7368,0.0424099
1242,0.741462,0.0368636
1245,0.739764,0.047371
1248,0.739665,0.0435372
1251,0.735285,0.0485806
1254,0.733981,0.0367774
1257,0.735259,0.0547122
1260,0.729707,0.0746964
1263,0.723599,0.0613061
1266,0.722541,0.0783722
1269,0.722812,0.0662803
1272,0.721078,0.0597295
1275,0.718228,0.0519677
1278,0.716448,0.0630512
1281,0.713935,0.0462647
1284,0.709471,0.0438063
1287,0.711026,0.07623
1290,0.709482,0.0521049
1293,0.709829,0.0358617
1296,0.710951,0.047102
1299,0.708463,0.0533942
1302,0.708096,0.0385016
1305,0.709974,0.0404754
1308,0.708348,0.0628253
1311,0.706599,0.108266
1314,0.703447,0.0779438
1317,0.701525,0.0836207
1320,0.704728,0.0539258
1323,0.706277,0.057339
1326,0.707239,0.0707659
1329,0.706178,0.0517849
1332,0.70548,0.0466173
1335,0.703496,0.0635084
1338,0.700589,0.0822256
1341,0.697391,0.051329
1344,0.696755,0.0504551
1347,0.69745,0.0543203
1350,0.698922,0.0590045
1353,0.699907,0.0453359
1356,0.701306,0.0486198
1359,0.702193,0.0498477
1362,0.704147,0.142845
1365,0.705128,0.0573834
1368,0.703733,0.0527502
1371,0.704861,0.0510142
1374,0.706447,0.0578798
1377,0.706349,0.0530846
1380,0.706536,0.0526509
1383,0.70691,0.0532256
1386,0.705503,0.150246
1389,0.70579,0.101228
1392,0.707186,0.0859132
1395,0.707358,0.0862619
1398,0.708559,0.0562117
1401,0.707922,0.0725581
1404,0.707661,0.0916385
1407,0.706985,0.0754959
1410,0.706399,0.140608
1413,0.706627,0.0790188
1416,0.706384,0.0903218
1419,0.706535,0.092707
1422,0.708558,0.0715549
1425,0.71249,0.0770686
1428,0.716441,0.0873487
1431,0.722651,0.182522
1434,0.727666,0.139774
1437,0.731758,0.201368
1440,0.73773,0.200011
1443,0.744442,0.215655
1446,0.75332,0.2498
1449,0.757824,0.256045
1452,0.763134,0.270246
1455,0.771661,0.277538
1458,0.776808,0.267386
1461,0.781923,0.31476
1464,0.786174,0.282702
1467,0.791655,0.361768
1470,0.797156,0.366764
1473,0.805829,0.405331
1476,0.810232,0.421693
1479,0.817201,0.378524
1482,0.821893,0.358189
1485,0.827737,0.397457
1488,0.833188,0.369745
1491,0.83942,0.381585
1494,0.841522,0.391225
1497,0.843122,0.431972
1500,0.844507,0.42873
1503,0.842672,0.465318
1506,0.841781,0.495569
1509,0.840332,0.507932
1512,0.835342,0.489585
1515,0.833063,0.55919
1518,0.815585,0.573465
1521,0.798419,0.548494
1524,0.772369,0.525946
1527,0.761043,0.55146
1530,0.757225,0.532433
1533,0.751402,0.484993
1536,0.747449,0.526935
1539,0.748826,0.519797
1542,0.75258,0.540283
1545,0.754889,0.560535
1548,0.75235,0.571565
1551,0.723242,0.583258
1554,0.718069,0.553074
1557,0.715369,0.610017
1560,0.703912,0.599713
1563,0.696121,0.608066
1566,0.696119,0.597544
1569,0.692281,0.611224
1572,0.69311,0.632125
1575,0.691096,0.639781
1578,0.69143,0.639355
1581,0.695373,0.64243
1584,0.693537,0.640216
1587,0.691164,0.623335
1590,0.703012,0.538999
1593,0.711096,0.641545
1596,0.723189,0.651563
1599,0.735473,0.627912
1602,0.73949,0.663987
1605,0.741097,0.647488
1608,0.751087,0.637375
1611,0.744482,0.620693
1614,0.732018,0.691331
1617,0.713639,0.67419
1620,0.695041,0.639171
1623,0.689132,0.654361
1626,0.688353,0.62362
1629,0.681746,0.63656
1632,0.690724,0.592576
1635,0.687423,0.629492
1638,0.677951,0.630441
1641,0.67784,0.640996
1644,0.67636,0.6269
1647,0.662841,0.602133
1650,0.652716,0.582548
1653,0.648447,0.608408
1656,0.64466,0.479147
1659,0.644479,0.522099
1662,0.641581,0.594078
1665,0.642105,0.606285
1668,0.639853,0.592636
1671,0.644318,0.570927
1674,0.641985,0.589947
1677,0.635901,0.544128
1680,0.635372,0.570727
1683,0.640874,0.551984
1686,0.636251,0.539328
1689,0.638764,0.529547
1692,0.656202,0.514925
1695,0.672316,0.589031
1698,0.690965,0.594056
1701,0.705556,0.625372
1704,0.7122,0.632528
1707,0.711272,0.63369
1710,0.691875,0.608011
1713,0.681348,0.571931
1716,0.672054,0.589048
1719,0.655874,0.568682
1722,0.637279,0.554117
1725,0.623729,0.477427
1728,0.617182,0.539494
1731,0.591861,0.512931
1734,0.579066,0.468911
1737,0.552549,0.488895
1740,0.531145,0.461716
1743,0.505524,0.471932
1746,0.486599,0.401614
1749,0.469894,0.440099
1752,0.457446,0.421247
1755,0.449341,0.355526
1758,0.442201,0.40672
1761,0.434543,0.412816
1764,0.42856,0.407132
1767,0.431314,0.409748
1770,0.433345,0.407936
1773,0.443472,0.421299
1776,0.442857,0.420714
1779,0.434227,0.412515
1782,0.428898,0.407453
1785,0.420269,0.399256
1788,0.40322,0.383059
1791,0.385643,0.366361
1794,0.36809,0.349685
1797,0.363684,0.338491
1800,0.37103,0.352479
1803,0.36574,0.347453
1806,0.364785,0.346546
1809,0.362592,0.344462
1812,0.348795,0.320896
1815,0.351723,0.334137
1818,0.343308,0.283631
1821,0.345713,0.328427
1824,0.350381,0.332862
1827,0.352774,0.335135
1830,0.355293,0.32276
1833,0.347626,0.330245
1836,0.336602,0.319771
1839,0.324178,0.307969
1842,0.309979,0.29448
1845,0.298007,0.283107
1848,0.277511,0.263635
1851,0.250458,0.237936
1854,0.237179,0.22532
1857,0.24178,0.228188
1860,0.237444,0.225572
1863,0.228523,0.217097
1866,0.221,0.20995
1869,0.223494,0.212319
1872,0.22362,0.198631
1875,0.218826,0.207885
1878,0.2278,0.2112
1881,0.244946,0.232699
1884,0.25999,0.246697
1887,0.268114,0.243272
1890,0.285273,0.255829
1893,0.302511,0.287386
1896,0.315077,0.299323
1899,0.341905,0.32481
1902,0.383992,0.351235
1905,0.408504,0.357038
1908,0.41569,0.34361
1911,0.411133,0.390577
1914,0.418879,0.397935
1917,0.411926,0.39133
1920,0.396242,0.374913
1923,0.374796,0.346453
1926,0.345804,0.328514
1929,0.326601,0.310271
1932,0.310068,0.294564
1935,0.299728,0.284741
1938,0.281371,0.267302
1941,0.274143,0.260436
1944,0.262002,0.245606
1947,0.241078,0.226647
1950,0.21706,0.150286
1953,0.184954,0.175454
1956,0.162833,0.154691
1959,0.143273,0.136109
1962,0.123463,0.0916934
1965,0.105839,0.100547
1968,0.0892101,0.0814773
1971,0.0739858,0.0694564
1974,0.060107,0.0562604
1977,0.0500227,0.0448779
1980,0.0386767,0.0180681
1983,0.0257945,0.0223868
1986,0.019177,0.0182182
1989,0.0190725,0.0181189
1992,0.0215505,0.0204729
1995,0.0207746,0.0197358
1998,0.0212004,0.0197454
2001,0.0299549,0.028245
2004,0.0616653,0.0483837
2007,0.100619,0.078068
2010,0.143643,0.127563
2013,0.182586,0.161122
2016,0.223093,0.187594
2019,0.252272,0.239658
2022,0.265928,0.252632
2025,0.290513,0.275988
2028,0.309447,0.293975
2031,0.321803,0.305713
2034,0.321474,0.3054
2037,0.309255,0.293793
2040,0.297973,0.277513
2043,0.277813,0.263922
2046,0.25792,0.245024
2049,0.243147,0.23099
2052,0.227026,0.215674
2055,0.204976,0.194727
2058,0.181794,0.172703
2061,0.151211,0.143651
2064,0.129909,0.123185
2067,0.114559,0.108831
2070,0.100295,0.0952802
2073,0.0846252,0.080394
2076,0.0709906,0.0674411
2079,0.0638859,0.050146
2082,0.0511409,0.0327935
2085,0.0394003,0.0181001
2088,0.0289177,0.0244417
2091,0.0243589,0.020582
2094,0.0266723,0.0245761
2097,0.0274181,0.0229416
2100,0.0342811,0.0297984
2103,0.0502069,0.0448228
2106,0.0714791,0.0644942
2109,0.0957022,0.0909171
2112,0.123431,0.116213
2115,0.150437,0.141065
2118,0.176601,0.16566
2121,0.208312,0.189476
2124,0.239592,0.217945
2127,0.270313,0.221929
2130,0.289812,0.237229
2133,0.300635,0.238974
2136,0.310644,0.234275
2139,0.312512,0.23616
2142,0.318592,0.252261
2145,0.319448,0.256934
2148,0.310371,0.262728
2151,0.301262,0.271283
2154,0.292653,0.265505
2157,0.303564,0.28304
2160,0.310531,0.272039
2163,0.310913,0.273987
2166,0.310619,0.279338
2169,0.305987,0.281227
2172,0.293448,0.239434
2175,0.272313,0.185352
2178,0.241249,0.173853
2181,0.21221,0.184957
2184,0.18687,0.159639
2187,0.159889,0.151894
2190,0.133117,0.126461
2193,0.106963,0.101615
2196,0.0852901,0.0810256
2199,0.0664057,0.0630854
2202,0.051201,0.0484487
2205,0.0401697,0.0379817
2208,0.0338227,0.0321315
2211,0.0264855,0.0251612
2214,0.0186179,0.017687
2217,0.0142956,0.0135808
2220,0.0122709,0.0116573
2223,0.0110783,0.0105244
2226,0.011862,0.0112689
2229,0.0123205,0.0117045
2232,0.0142185,0.0132058
2235,0.0124681,0.011677
2238,0.0128535,0.0121176
2241,0.0127633,0.0117695
2244,0.0136451,0.0129628
2247,0.0134609,0.0126198
2250,0.013534,0.0128573
2253,0.0149252,0.0141789
2256,0.0172568,0.016394
2259,0.018324,0.0174078
2262,0.0176291,0.0160988
2265,0.0192149,0.0181227
2268,0.0352739,0.0335102
2271,0.0562862,0.0534719
2274,0.0741569,0.0703434
2277,0.085264,0.0804271
2280,0.0921074,0.087502
2283,0.0990449,0.0940926
2286,0.100416,0.0953956
2289,0.103485,0.0983106
2292,0.102599,0.0974692
2295,0.101667,0.0965832
2298,0.105414,0.100143
2301,0.114837,0.109096
2304,0.115569,0.10979
2307,0.117882,0.111988
2310,0.122291,0.116176
2313,0.126676,0.120342
2316,0.120791,0.114752
2319,0.111051,0.105498
2322,0.103486,0.0983118
2325,0.09272,0.088084
2328,0.083609,0.0794285
2331,0.0774513,0.0735787
2334,0.0703035,0.0667883
2337,0.0612813,0.0582172
2340,0.0547918,0.0520522
2343,0.0432146,0.0410538
2346,0.0362875,0.0344732
2349,0.0354228,0.0336517
2352,0.034724,0.0329878
2355,0.0305649,0.0290366
2358,0.0275318,0.0261552
2361,0.022892,0.0217474
2364,0.0205368,0.01951
2367,0.0189288,0.0179824
2370,0.0191248,0.0181685
2373,0.0205564,0.0195286
2376,0.0199307,0.0189342
2379,0.0183345,0.0174178
2382,0.0189759,0.0177836
2385,0.0418443,0.0397521
2388,0.0679262,0.0645298
2391,0.0763188,0.0725028
2394,0.0779607,0.0732596
2397,0.0778249,0.0739336
2400,0.0760184,0.0722174
2403,0.0757231,0.071937
2406,0.0768452,0.0730029
2409,0.0780652,0.074162
2412,0.0796445,0.0756623
2415,0.0803329,0.0763162
2418,0.0721257,0.0685194
2421,0.0593376,0.0563707
2424,0.0501912,0.0476817
2427,0.0369629,0.0351147
2430,0.0227783,0.0216394
2433,0.0212801,0.0201026
2436,0.0355378,0.0337609
2439,0.0434497,0.0412772
2442,0.0485336,0.0452582
2445,0.0514021,0.048832
2448,0.0540747,0.051371
2451,0.056085,0.0532808
2454,0.0562013,0.0533912
2457,0.0545123,0.0517867
2460,0.0592579,0.056295
2463,0.0635345,0.0603578
2466,0.0631662,0.0600079
2469,0.0539924,0.0512928
2472,0.0441316,0.041925
2475,0.0354659,0.0334398
2478,0.0344901,0.0327656
2481,0.0316425,0.0300604
2484,0.0272979,0.0259331
2487,0.023472,0.0220602
2490,0.0250826,0.0238284
2493,0.02575,0.0244625
2496,0.0263026,0.0226515
2499,0.0277813,0.0246919
2502,0.028825,0.0273837
2505,0.029836,0.0283442
2508,0.0382221,0.0355141
2511,0.0600443,0.056518
2514,0.0823223,0.0782062
2517,0.0879326,0.083536
2520,0.0896503,0.0851678
2523,0.0902982,0.0854682
2526,0.0893199,0.0844236
2529,0.0904798,0.0857901
2532,0.0919546,0.0873568
2535,0.0941216,0.0875063
2538,0.0955585,0.090434
2541,0.0957832,0.090994
2544,0.0969379,0.092091
2547,0.0973677,0.0924993
2550,0.098188,0.0932786
2553,0.0982755,0.0933617
2556,0.0906784,0.0861444
2559,0.0804792,0.0764552
2562,0.0689333,0.0654866
2565,0.0525856,0.0499563
2568,0.0361282,0.0229416
2571,0.0228371,0.0216953
2574,0.0138619,0.0131688
2577,0.00948205,0.00785577
2580,0.00729408,0.00485271
2583,0.00666839,0.00633497
2586,0.00656258,0.00623446
2589,0.00647899,0.00615504
2592,0.00651687,0.00619102
2595,0.00631962,0.00600364
2598,0.00627521,0.00596145
2601,0.00639669,0.00607686
2604,0.00663443,0.00630271
2607,0.00670105,0.00636599
2610,0.00682383,0.00645286
2613,0.00691527,0.00584546
2616,0.00697667,0.00294689
2619,0.00680424,0.00477956
2622,0.00689568,0.00616026
2625,0.0155182,0.0144658
2628,0.0338854,0.0321911
2631,0.0444882,0.0422638
2634,0.0488693,0.0464258
2637,0.0584154,0.0554946
2640,0.0841484,0.079941
2643,0.11649,0.110528
2646,0.146361,0.139043
2649,0.166985,0.157476
2652,0.179182,0.167686
2655,0.185563,0.176285
2658,0.194701,0.184966
2661,0.202918,0.192772
2664,0.202984,0.192835
2667,0.201587,0.191507
2670,0.203802,0.193612
2673,0.203524,0.193348
2676,0.206305,0.169036
2679,0.197885,0.18799
2682,0.190527,0.181
2685,0.180772,0.171733
2688,0.170131,0.161624
2691,0.160732,0.152696
2694,0.152668,0.145034
2697,0.138622,0.13169
2700,0.125414,0.119143
2703,0.112389,0.0910983
2706,0.0979032,0.0930081
2709,0.0858008,0.0815108
2712,0.0695759,0.0660971
2715,0.0587328,0.0557961
2718,0.058691,0.0557564
2721,0.0601501,0.0571426
2724,0.0606608,0.0576278
2727,0.0654234,0.0621522
2730,0.0810827,0.0770285
2733,0.0941125,0.0894069
2736,0.100389,0.0900661
2739,0.106686,0.101352
2742,0.111708,0.0998418
2745,0.113368,0.100309
2748,0.120508,0.0790895
2751,0.122551,0.0818416
2754,0.125637,0.0851793
2757,0.12604,0.0896418
2760,0.126587,0.0946262
2763,0.12549,0.0995128
2766,0.12755,0.109466
2769,0.129999,0.11661
2772,0.132877,0.121802
2775,0.135237,0.127122
2778,0.138938,0.128725
2781,0.142455,0.133771
2784,0.144012,0.132533
2787,0.14183,0.129469
2790,0.142771,0.122284
2793,0.14351,0.121531
2796,0.141041,0.12221
2799,0.142333,0.105312
2802,0.143354,0.0962978
2805,0.143833,0.0812551
2808,0.144207,0.0613466
2811,0.141302,0.0758694
2814,0.144199,0.0422924
2817,0.145784,0.0554855
2820,0.146074,0.0435281
2823,0.146091,0.0456664
2826,0.145355,0.032971
2829,0.145696,0.0409587
2832,0.147124,0.0374945
2835,0.147379,0.0492129
2838,0.147605,0.0539219
2841,0.147481,0.048143
2844,0.146198,0.0326705
2847,0.145725,0.0465037
2850,0.146869,0.0394369
2853,0.149203,0.0437819
2856,0.149469,0.025433
2859,0.148212,0.02993
2862,0.145496,0.0610788
2865,0.146584,0.0316164
2868,0.148063,0.038823
2871,0.150545,0.0416797
2874,0.150403,0.0312716
2877,0.150365,0.04033
2880,0.154981,0.0340266
2883,0.159916,0.0519934
2886,0.162765,0.0663434
2889,0.165639,0.0576259
2892,0.166296,0.0533673
2895,0.165354,0.0420555
2898,0.16585,0.0329368
2901,0.166518,0.0344606
2904,0.165274,0.0387245
2907,0.164663,0.0382963
2910,0.164078,0.0539085
2913,0.161738,0.0474351
2916,0.162757,0.0504251
2919,0.162637,0.0540434
2922,0.165132,0.0508052
2925,0.164686,0.04967
2928,0.163651,0.0543477
2931,0.166259,0.0557101
2934,0.171265,0.0607967
2937,0.167503,0.0582926
2940,0.168262,0.052494
2943,0.178237,0.0589983
2946,0.189548,0.0752261
2949,0.201072,0.0803964
2952,0.21317,0.0792484
2955,0.220671,0.0896039
2958,0.233131,0.0904494
2961,0.245183,0.0786099
2964,0.257483,0.0974723
2967,0.270022,0.108532
2970,0.282239,0.126028
2973,0.294798,0.138949
2976,0.305058,0.150093
2979,0.312844,0.145407
2982,0.322182,0.147127
2985,0.33138,0.173714
2988,0.34179,0.180781
2991,0.355704,0.178983
2994,0.372176,0.185243
2997,0.390053,0.196359
3000,0.407223,0.205086
3003,0.420764,0.207091
3006,0.432446,0.214831
3009,0.451901,0.221874
3012,0.463941,0.248772
3015,0.49034,0.197213
3018,0.519151,0.174984
3021,0.536311,0.172946
3024,0.543408,0.164292
3027,0.546996,0.155997
3030,0.550992,0.154046
3033,0.552966,0.151888
3036,0.555334,0.163759
3039,0.55652,0.162299
3042,0.54573,0.154671
3045,0.545493,0.156225
3048,0.543947,0.155249
3051,0.541556,0.153566
3054,0.540381,0.156021
3057,0.545832,0.135219
3060,0.55632,0.152422
3063,0.565508,0.150853
3066,0.575408,0.172999
3069,0.583542,0.173184
3072,0.587282,0.167996
3075,0.587016,0.128925
3078,0.590597,0.13627
3081,0.598104,0.133791
3084,0.609096,0.112662
3087,0.611079,0.163342
3090,0.627175,0.148681
3093,0.636153,0.145873
3096,0.636801,0.148848
3099,0.632967,0.155571
3102,0.631173,0.15263
3105,0.625635,0.151331
3108,0.622099,0.132114
3111,0.619941,0.134984
3114,0.62013,0.128161
3117,0.618879,0.113815
3120,0.617339,0.11214
3123,0.615969,0.0916189
3126,0.617566,0.0890638
3129,0.620461,0.0993976
3132,0.623176,0.0875486
3135,0.622471,0.0962521
3138,0.622452,0.0781906
3141,0.629032,0.0760275
3144,0.635104,0.0851542
3147,0.638224,0.0857486
3150,0.642933,0.0937624
3153,0.644577,0.0867766
3156,0.64456,0.0930884
3159,0.645347,0.089956
3162,0.644168,0.102245
3165,0.645856,0.0948218
3168,0.646834,0.0757819
3171,0.64707,0.0738709
3174,0.646021,0.0818743
3177,0.646038,0.0813439
3180,0.651194,0.0550962
3183,0.658039,0.0579882
3186,0.664463,0.104161
3189,0.67063,0.0734294
3192,0.676716,0.0741308
3195,0.679887,0.0868994
3198,0.676926,0.106642
3201,0.676765,0.108007
3204,0.679181,0.0361308
3207,0.679715,0.0482332
3210,0.679289,0.0915117
3213,0.678253,0.0807848
3216,0.677665,0.0653319
3219,0.678781,0.0639499
3222,0.67967,0.0480307
3225,0.68022,0.0316242
3228,0.680666,0.035637
3231,0.680668,0.0510521
3234,0.680748,0.043963
3237,0.679512,0.0913315
3240,0.679393,0.0367068
3243,0.678794,0.0418796
3246,0.678747,0.0391103
3249,0.679694,0.0294245
3252,0.678128,0.035014
3255,0.67691,0.0237241
3258,0.677533,0.0244738
3261,0.679559,0.0702434
3264,0.681014,0.0468485
3267,0.680202,0.0292704
3270,0.682195,0.0253373
3273,0.684557,0.0291398
3276,0.685646,0.0252811
3279,0.685858,0.0377296
3282,0.684996,0.0247351
3285,0.682425,0.100196
3288,0.679848,0.0481548
3291,0.677584,0.0272522
3294,0.678184,0.0335118
3297,0.677674,0.0502422
3300,0.678181,0.0469335
3303,0.677573,0.0356409
3306,0.677117,0.049465
3309,0.676066,0.0543699
3312,0.679874,0.161328
3315,0.679858,0.0760144
3318,0.679565,0.0620415
3321,0.677697,0.0410318
3324,0.675479,0.0586858
3327,0.675597,0.0409535
3330,0.676005,0.0567329
3333,0.676261,0.053227
3336,0.675684,0.0773991
3339,0.67391,0.0684918
3342,0.674786,0.0705256
3345,0.674317,0.0534281
3348,0.673777,0.0508261
3351,0.674001,0.041472
3354,0.674512,0.0477394
3357,0.676915,0.0510782
3360,0.677511,0.072498
3363,0.67562,0.0590293
3366,0.675693,0.0499626
3369,0.674312,0.0523896
3372,0.672617,0.0391482
3375,0.670983,0.0341296
3378,0.668792,0.0421826
3381,0.668275,0.0348128
3384,0.667743,0.0266775
3387,0.665946,0.132082
3390,0.666968,0.0557023
3393,0.666916,0.044172
3396,0.665774,0.0543216
3399,0.666426,0.0247808
3402,0.667227,0.035014
3405,0.670435,0.0539937
3408,0.672189,0.0356449
3411,0.673352,0.101826
3414,0.673287,0.0639525
3417,0.671683,0.0773024
3420,0.671987,0.0640205
3423,0.672574,0.0808332
3426,0.670807,0.0567878
3429,0.670533,0.0536306
3432,0.670277,0.0593546
3435,0.67196,0.149518
3438,0.673767,0.109622
3441,0.673417,0.0775036
3444,0.673737,0.0662019
3447,0.673906,0.0593885
3450,0.674396,0.0497745
3453,0.67522,0.0669386
3456,0.676076,0.0641759
3459,0.676943,0.0536084
3462,0.680694,0.113442
3465,0.678373,0.0658479
3468,0.677433,0.0687517
3471,0.677101,0.0664971
3474,0.674246,0.0527815
3477,0.67337,0.0652248
3480,0.672756,0.0457892
3483,0.671411,0.0480072
3486,0.672533,0.132447
3489,0.672686,0.0882357
3492,0.676383,0.0808959
3495,0.678151,0.100335
3498,0.679012,0.0780822
3501,0.680403,0.0833255
3504,0.680364,0.0680881
3507,0.679093,0.0407549
3510,0.675562,0.0715013
3513,0.669799,0.0738617
3516,0.671727,0.108569
3519,0.672506,0.0688471
3522,0.672843,0.0793388
3525,0.675988,0.0661679
3528,0.679293,0.0842307
3531,0.680552,0.0378916
3534,0.679909,0.0415857
3537,0.675814,0.142465
3540,0.673356,0.0794446
3543,0.672419,0.0598875
3546,0.673809,0.056938
3549,0.676214,0.0468629
3552,0.675456,0.0421578
3555,0.674592,0.0412421
3558,0.674926,0.054349
3561,0.674596,0.1018
3564,0.675803,0.0556814
3567,0.676211,0.0709632
3570,0.675765,0.0963305
3573,0.67395,0.126274
3576,0.673599,0.081856
3579,0.674613,0.0594016
3582,0.673846,0.044884
3585,0.673082,0.0436273
3588,0.672847,0.031171
3591,0.67376,0.0534242
3594,0.674013,0.0729892
3597,0.673871,0.0640257
3600,0.672943,0.0513551
3603,0.671909,0.0264045
3606,0.671843,0.0537625
3609,0.67229,0.0377884
3612,0.674505,0.0466905
3615,0.677202,0.0542445
3618,0.681558,0.0356566
3621,0.688243,0.0840452
3624,0.690634,0.0583997
3627,0.688838,0.0508992
3630,0.689808,0.0733797
3633,0.69218,0.0747199
3636,0.693932,0.0733954
3639,0.696113,0.0818102
3642,0.698005,0.10325
3645,0.696593,0.174039
3648,0.695673,0.115363
3651,0.694838,0.102631
3654,0.694866,0.0887268
3657,0.692547,0.0999436
3660,0.692411,0.105764
3663,0.689747,0.0876831
3666,0.689199,0.0744286
3669,0.689229,0.112503
3672,0.690323,0.0815438
3675,0.688107,0.0602546
3678,0.688502,0.0318972
3681,0.687343,0.0344706
3684,0.686122,0.0352321
3687,0.686536,0.0396185
3690,0.686136,0.0367839
3693,0.685245,0.034609
3696,0.68175,0.0880162
3699,0.677529,0.0598797
3702,0.678885,0.0970267
3705,0.678267,0.0879418
3708,0.678454,0.0880946
3711,0.6788,0.084556
3714,0.679819,0.0885296
3717,0.681728,0.0955611
3720,0.679791,0.11789
3723,0.680393,0.0926194
3726,0.681405,0.104527
3729,0.681312,0.109457
3732,0.680306,0.116242
3735,0.678444,0.0931459
3738,0.677712,0.0691331
3741,0.676411,0.0956852
3744,0.674144,0.147414
3747,0.671685,0.0702095
3750,0.672621,0.0953613
3753,0.671999,0.0734424
3756,0.669641,0.048356
3759,0.666962,0.04398
3762,0.664756,0.0348507
3765,0.663376,0.0550583
3768,0.663481,0.0709357
3771,0.662658,0.0614942
3774,0.663832,0.0400835
3777,0.663546,0.0305205
3780,0.663984,0.032698
3783,0.664728,0.04006
3786,0.666526,0.0415543
3789,0.66955,0.0441956
3792,0.671835,0.0473985
3795,0.673451,0.117234
3798,0.674589,0.0588321
3801,0.674977,0.0616784
3804,0.673071,0.0670666
3807,0.670686,0.0884042
3810,0.671321,0.10009
3813,0.671444,0.0515393
3816,0.670878,0.0432485
3819,0.674374,0.0890612
3822,0.685659,0.0801578
3825,0.685899,0.0454143
3828,0.686377,0.0569667
3831,0.687525,0.048241
3834,0.687884,0.0436639
3837,0.689095,0.0506602
3840,0.691097,0.0446057
3843,0.691815,0.0355587
3846,0.689355,0.135182
3849,0.689949,0.0901493
3852,0.69223,0.0594395
3855,0.692694,0.0413035
3858,0.692473,0.0507464
3861,0.693646,0.0449754
3864,0.693643,0.0475278
3867,0.695186,0.0371902
3870,0.692197,0.08735
3873,0.693871,0.0689542
3876,0.693946,0.0728794
3879,0.693537,0.0466043
3882,0.692807,0.0615556
3885,0.693373,0.0504838
3888,0.691535,0.0477603
3891,0.69044,0.0513904
3894,0.690739,0.0903701
3897,0.690042,0.0423211
3900,0.693453,0.0516359
3903,0.693504,0.0504577
3906,0.693568,0.047051
3909,0.697183,0.0456181
3912,0.696465,0.0391273
3915,0.691871,0.0443445
3918,0.693319,0.0378185
3921,0.686963,0.0838558
3924,0.687448,0.0392658
3927,0.687859,0.0398863
3930,0.689253,0.0363633
3933,0.690314,0.0693565
3936,0.690337,0.0481822
3939,0.69144,0.032728
3942,0.695674,0.0292704
3945,0.689237,0.0801944
3948,0.686108,0.0376095
3951,0.686341,0.0677942
3954,0.692064,0.0762783
3957,0.695493,0.0426725
3960,0.701495,0.0374057
3963,0.709454,0.0315537
3966,0.718346,0.0246593
3969,0.730773,0.101819
3972,0.740007,0.0517561
3975,0.738805,0.053223
3978,0.739652,0.0358513
3981,0.742084,0.0318385
3984,0.73409,0.0327189
3987,0.723511,0.0560537
3990,0.715654,0.0550675
3993,0.708656,0.0462242
3996,0.697949,0.106805
3999,0.690169,0.0897914
4002,0.686961,0.0782625
4005,0.686083,0.0786217
4008,0.685191,0.102309
4011,0.686303,0.063545
4014,0.688007,0.02842
4017,0.693212,0.0236274
4020,0.700468,0.10294
4023,0.7082,0.028147
4026,0.707581,0.033436
4029,0.709216,0.0195545
4032,0.714959,0.023165
4035,0.721364,0.0600403
4038,0.726955,0.0375311
4041,0.73087,0.0439591
4044,0.732764,0.130621
4047,0.731707,0.0623472
4050,0.733178,0.0760497
4053,0.730711,0.097527
4056,0.727932,0.0783735
4059,0.720137,0.0736344
4062,0.718256,0.0402873
4065,0.71828,0.0337273
4068,0.725294,0.018887
4071,0.72736,0.103312
4074,0.726158,0.0642687
4077,0.732368,0.0481274
4080,0.738411,0.0367447
4083,0.742748,0.0409378
4086,0.742502,0.0454796
4089,0.742432,0.0508731
4092,0.745023,0.0355874
4095,0.741929,0.137302
4098,0.738735,0.072626
4101,0.739504,0.0713237
4104,0.74005,0.0607784
4107,0.736952,0.092784
4110,0.731438,0.0466683
4113,0.7222,0.0678922
4116,0.716457,0.0364221
4119,0.713887,0.0988137
4122,0.708636,0.0722524
4125,0.706011,0.0606713
4128,0.702676,0.067742
4131,0.69912,0.0812773
4134,0.699269,0.107895
4137,0.700534,0.117314
4140,0.69733,0.0674703
4143,0.698915,0.0853149
4146,0.697681,0.120311
4149,0.698393,0.0754697
4152,0.69888,0.0861026
4155,0.700125,0.0735835
4158,0.705416,0.0823301
4161,0.707638,0.0925972
4164,0.7097,0.115309
4167,0.712538,0.142033
4170,0.719728,0.123668
4173,0.726776,0.121097
4176,0.739536,0.155822
4179,0.752204,0.179312
4182,0.767143,0.151705
4185,0.775751,0.148387
4188,0.784401,0.152753
4191,0.795101,0.142385
4194,0.806112,0.160197
4197,0.816843,0.160465
4200,0.826796,0.16704
4203,0.833685,0.171006
4206,0.836282,0.299021
4209,0.844187,0.382768
4212,0.855226,0.463135
4215,0.862981,0.553247
4218,0.871259,0.482388
4221,0.876335,0.532678
4224,0.881849,0.463732
4227,0.891891,0.401299
4230,0.895182,0.513435
4233,0.897299,0.502052
4236,0.893715,0.535318
4239,0.881101,0.519339
4242,0.84158,0.528057
4245,0.801177,0.525524
4248,0.783548,0.560589
4251,0.759157,0.566063
4254,0.755949,0.591565
4257,0.74503,0.625504
4260,0.74658,0.639651
4263,0.73606,0.672851
4266,0.729906,0.675045
4269,0.718499,0.634694
4272,0.713078,0.654176
4275,0.7216,0.636318
4278,0.731327,0.666355
4281,0.750132,0.632739
4284,0.752255,0.605593
4287,0.756909,0.65605
4290,0.758608,0.61143
4293,0.749587,0.657675
4296,0.741568,0.604663
4299,0.749173,0.691946
4302,0.750528,0.648858
4305,0.758969,0.608038
4308,0.761799,0.593115
4311,0.756138,0.702343
4314,0.755199,0.70229
4317,0.747253,0.62401
4320,0.718772,0.670684
4323,0.704097,0.652311
4326,0.696247,0.63128
4329,0.680633,0.631993
4332,0.666782,0.633443
4335,0.663059,0.626938
4338,0.65787,0.606845
4341,0.654205,0.568966
4344,0.645871,0.613578
4347,0.638773,0.578778
4350,0.644408,0.606467
4353,0.639618,0.602787
4356,0.63235,0.600733
4359,0.62647,0.587124
4362,0.626634,0.582061
4365,0.624492,0.561137
4368,0.616818,0.538967
4371,0.613611,0.547602
4374,0.611088,0.569412
4377,0.599631,0.56872
4380,0.597984,0.549616
4383,0.600019,0.560533
4386,0.602631,0.572499
4389,0.599181,0.569222
4392,0.595953,0.482265
4395,0.588678,0.473752
4398,0.580095,0.52816
4401,0.566596,0.538267
4404,0.552542,0.524915
4407,0.539976,0.512978
4410,0.534758,0.50802
4413,0.531189,0.50463
4416,0.53684,0.509998
4419,0.542377,0.384022
4422,0.54436,0.517142
4425,0.553719,0.526033
4428,0.546997,0.483286
4431,0.536929,0.510082
4434,0.532196,0.448998
4437,0.521432,0.453286
4440,0.50754,0.482163
4443,0.500649,0.475484
4446,0.506154,0.451487
4449,0.51562,0.489839
4452,0.519693,0.493708
4455,0.530643,0.504111
4458,0.541194,0.514134
4461,0.534161,0.507408
4464,0.526522,0.500196
4467,0.531696,0.496904
4470,0.544645,0.515944
4473,0.550837,0.523295
4476,0.548754,0.520284
4479,0.532578,0.505116
4482,0.526718,0.500382
4485,0.513193,0.487533
4488,0.50043,0.455539
4491,0.503989,0.462282
4494,0.503302,0.478137
4497,0.497538,0.371316
4500,0.526348,0.48165
4503,0.546481,0.519157
4506,0.554989,0.52724
4509,0.566016,0.537716
4512,0.591162,0.548328
4515,0.620823,0.572946
4518,0.637327,0.52694
4521,0.635924,0.595472
4524,0.65296,0.605663
4527,0.66941,0.619044
4530,0.707564,0.604717
4533,0.715016,0.547287
4536,0.713301,0.617114
4539,0.704446,0.580349
4542,0.690116,0.551431
4545,0.670472,0.489316
4548,0.656966,0.433729
4551,0.651378,0.557122
4554,0.647722,0.541653
4557,0.640717,0.59744
4560,0.608272,0.559091
4563,0.602783,0.572644
4566,0.584633,0.555401
4569,0.576994,0.548144
4572,0.55782,0.529929
4575,0.557454,0.529581
4578,0.561288,0.533223
4581,0.551185,0.523626
4584,0.542226,0.477513
4587,0.537967,0.436033
4590,0.528613,0.449264
4593,0.5384,0.442944
4596,0.53264,0.465818
4599,0.526367,0.49345
4602,0.517122,0.48932
4605,0.509135,0.483678
4608,0.507554,0.482176
4611,0.504274,0.47906
4614,0.480656,0.456623
4617,0.464887,0.441642
4620,0.444228,0.422017
4623,0.42862,0.407189
4626,0.408778,0.388339
4629,0.405391,0.329752
4632,0.410833,0.377289
4635,0.408518,0.374926
4638,0.402485,0.364191
4641,0.408132,0.366528
4644,0.416779,0.366843
4647,0.430134,0.408627
4650,0.445455,0.423182
4653,0.452726,0.430089
4656,0.456071,0.433267
4659,0.45366,0.40217
4662,0.447417,0.386824
4665,0.433246,0.360869
4668,0.415575,0.394796
4671,0.409971,0.371263
4674,0.39825,0.319066
4677,0.37107,0.352516
4680,0.342661,0.282966
4683,0.326341,0.303533
4686,0.31557,0.299791
4689,0.31503,0.299279
4692,0.310778,0.294852
4695,0.29555,0.280773
4698,0.297028,0.282176
4701,0.30373,0.287837
4704,0.308533,0.280398
4707,0.322703,0.306568
4710,0.336249,0.319436
4713,0.365621,0.344575
4716,0.395213,0.369954
4719,0.411135,0.38814
4722,0.409924,0.387822
4725,0.409482,0.380734
4728,0.41302,0.392369
4731,0.41802,0.395001
4734,0.418908,0.397963
4737,0.414376,0.393657
4740,0.413206,0.392546
4743,0.408925,0.38662
4746,0.396493,0.376668
4749,0.38176,0.362672
4752,0.357503,0.339628
4755,0.334693,0.317958
4758,0.314785,0.299045
4761,0.284831,0.27059
4764,0.255059,0.242306
4767,0.230685,0.21915
4770,0.209075,0.192151
4773,0.189889,0.180395
4776,0.170527,0.162
4779,0.153011,0.145361
4782,0.133508,0.126832
4785,0.110273,0.10476
4788,0.0906914,0.0861569
4791,0.0756121,0.0718315
4794,0.056038,0.0532361
4797,0.0391156,0.0371598
4800,0.0227849,0.0216456
4803,0.0114976,0.0109227
4806,0.00419828,0.00398836
4809,0,0
4812,0.000320031,0.000304029
4815,0.000927435,0.000881064
4818,0.000809873,0.000769379
4821,0.000973154,0.000924496
4824,0.00135327,0.00128561
4827,0.00265429,0.00252158
4830,0.00350597,0.00333067
4833,0.00377897,0.00359002
4836,0.00630395,0.00598875
4839,0.0063353,0.00601853
4842,0.0066279,0.0062965
4845,0.00734503,0.00625418
4848,0.00738944,0.00701997
4851,0.00718958,0.0068301
4854,0.00749133,0.00631068
4857,0.0078414,0.00669066
4860,0.00741687,0.00631832
4863,0.00750961,0.00713413
4866,0.0071308,0.00677426
4869,0.00704198,0.00668988
4872,0.0068369,0.00640061
4875,0.006607,0.00620467
4878,0.00673762,0.00640074
4881,0.00668798,0.00635359
4884,0.00624255,0.00534647
4887,0.00632093,0.00600488
4890,0.00631962,0.00600364
4893,0.0062112,0.0050186
4896,0.00551106,0.0052355
4899,0.00519364,0.00493396
4902,0.00515968,0.00490169
4905,0.00430539,0.00409012
4908,0.00287244,0.00272882
4911,0.000829467,0.000787994
4914,0,0
4917,0.0117236,0.0111374
4920,0.0332531,0.0315905
4923,0.04215,0.0400425
4926,0.055714,0.052162
4929,0.0831413,0.0789842
4932,0.102695,0.0835678
4935,0.108249,0.102836
4938,0.111655,0.106073
4941,0.115642,0.10986
4944,0.119836,0.113845
4947,0.123468,0.117294
4950,0.125332,0.119065
4953,0.12318,0.117021
4956,0.114474,0.108751
4959,0.10508,0.0998257
4962,0.0964141,0.0915934
4965,0.0922537,0.087641
4968,0.10215,0.0970423
4971,0.10941,0.103939
4974,0.119928,0.113931
4977,0.130348,0.12383
4980,0.126873,0.12053
4983,0.118819,0.112878
4986,0.111028,0.105477
4989,0.103733,0.0985463
4992,0.10576,0.100472
4995,0.106554,0.101227
4998,0.109727,0.104241
5001,0.110447,0.104925
5004,0.110268,0.104755
5007,0.105739,0.100452
5010,0.0992931,0.0943284
5013,0.0936462,0.0889638
5016,0.0841145,0.0799087
5019,0.0682135,0.0486068
5022,0.0615961,0.0433635
5025,0.0510338,0.0484821
5028,0.0393886,0.0374191
5031,0.0318215,0.0302304
5034,0.0257056,0.0244204
5037,0.0201253,0.0191191
5040,0.0202468,0.0192345
5043,0.020866,0.0198227
5046,0.0252066,0.0239463
5049,0.0402912,0.0382766
5052,0.0597386,0.0567517
5055,0.0811349,0.0770782
5058,0.105244,0.0999821
5061,0.129729,0.123242
5064,0.153877,0.146183
5067,0.17379,0.1651
5070,0.196586,0.186757
5073,0.213215,0.202554
5076,0.225827,0.214535
5079,0.237011,0.220974
5082,0.241118,0.213025
5085,0.225324,0.204868
5088,0.207582,0.187205
5091,0.184799,0.175559
5094,0.167607,0.159227
5097,0.158444,0.150522
5100,0.152672,0.145038
5103,0.143122,0.135965
5106,0.129176,0.120985
5109,0.101192,0.0961327
5112,0.0733497,0.0696822
5115,0.0606033,0.0575732
5118,0.059271,0.0563074
5121,0.049704,0.0472188
5124,0.0378799,0.0359859
5127,0.0290862,0.0276319
5130,0.017812,0.0100228
5133,0.00567956,0.00492063
5136,0,0
5139,0,0
5142,0,0
5145,0,0
5148,0,0
5151,0,0
5154,0,0
5157,0,0
5160,0,0
5163,0,0
5166,0,0
5169,0,0
5172,0,0
5175,0,0
5178,0,0
5181,0,0
5184,0,0
5187,0,0
5190,0,0
5193,0,0
5196,0,0
5199,0,0
5202,0,0
5205,0,0
5208,0,0
5211,0,0
5214,0,0
5217,0,0
5220,0,0
5223,0,0
5226,0,0
5229,0,0
5232,0,0
5235,0,0
5238,0,0
5241,0,0
5244,0,0
5247,0,0
5250,0,0
5253,0,0
5256,0.0017151,0.00153876
5259,0.0196433,0.0100516
5262,0.0418966,0.0366494
5265,0.054528,0.0508287
5268,0.0596707,0.0566871
5271,0.0636012,0.0604211
5274,0.066134,0.0517992
5277,0.0681351,0.0647284
5280,0.0693944,0.0659247
5283,0.0700188,0.0665178
5286,0.0710886,0.0674016
5289,0.0835933,0.0781422
5292,0.1086,0.10317
5295,0.128016,0.121615
5298,0.141242,0.13418
5301,0.148204,0.14004
5304,0.154209,0.142954
5307,0.157705,0.110073
5310,0.160615,0.109531
5313,0.162386,0.116045
5316,0.161461,0.119774
5319,0.158298,0.109152
5322,0.15669,0.110447
5325,0.154121,0.11685
5328,0.160389,0.0961946
5331,0.173679,0.106091
5334,0.185733,0.113846
5337,0.19141,0.120051
5340,0.194465,0.12108
5343,0.197793,0.112766
5346,0.203067,0.0949322
5349,0.205232,0.0757608
5352,0.217504,0.0967258
5355,0.237425,0.122104
5358,0.256659,0.141582
5361,0.272872,0.152551
5364,0.275456,0.15493
5367,0.276236,0.1543
5370,0.277148,0.157283
5373,0.279133,0.131656
5376,0.281838,0.160561
5379,0.28435,0.150736
5382,0.286389,0.136294
5385,0.292901,0.139634
5388,0.308563,0.155663
5391,0.319479,0.15753
5394,0.324934,0.163928
5397,0.324188,0.157891
5400,0.322021,0.146071
5403,0.322034,0.129395
5406,0.320983,0.141603
5409,0.32294,0.107028
5412,0.324224,0.090716
5415,0.326905,0.102548
5418,0.340177,0.104257
5421,0.354752,0.137608
5424,0.365214,0.147501
5427,0.371194,0.138066
5430,0.378119,0.141147
5433,0.386084,0.161656
5436,0.392798,0.127216
5439,0.407134,0.148579
5442,0.419706,0.15976
5445,0.426192,0.17588
5448,0.434784,0.139708
5451,0.43809,0.152118
5454,0.438834,0.151812
5457,0.438749,0.148419
5460,0.435239,0.148322
5463,0.432867,0.147023
5466,0.431891,0.148699
5469,0.427927,0.146246
5472,0.422998,0.101379
5475,0.422114,0.119967
5478,0.426345,0.0829388
5481,0.434151,0.0938565
5484,0.445497,0.102611
5487,0.456731,0.107172
5490,0.470079,0.114879
5493,0.483041,0.121851
5496,0.495228,0.174956
5499,0.507397,0.135651
5502,0.515939,0.117122
5505,0.524227,0.0985276
5508,0.533841,0.111275
5511,0.540067,0.122651
5514,0.542237,0.128159
5517,0.546679,0.143094
5520,0.558478,0.0993362
5523,0.569673,0.0911369
5526,0.580862,0.0878765
5529,0.597549,0.0967511
5532,0.611845,0.100405
5535,0.625981,0.121126
5538,0.636471,0.133121
5541,0.64736,0.136434
5544,0.654551,0.155799
5547,0.661397,0.199105
5550,0.662545,0.123289
5553,0.66939,0.122585
5556,0.67453,0.136264
5559,0.678435,0.122138
5562,0.682261,0.127754
5565,0.690259,0.128634
5568,0.69707,0.115177
5571,0.698501,0.194341
5574,0.709097,0.14585
5577,0.716056,0.165644
5580,0.724111,0.141952
5583,0.728521,0.149248
5586,0.731329,0.126792
5589,0.734413,0.131551
5592,0.735213,0.138486
5595,0.732542,0.172358
5598,0.730462,0.135327
5601,0.728324,0.107786
5604,0.729842,0.0851059
5607,0.734026,0.0845521
5610,0.74021,0.103841
5613,0.740423,0.076196
5616,0.738893,0.0994158
5619,0.738223,0.136255
5622,0.737383,0.111135
5625,0.738425,0.117057
5628,0.737683,0.103551
5631,0.735365,0.113646
5634,0.733006,0.0901755
5637,0.734157,0.103636
5640,0.732781,0.110904
5643,0.731037,0.128523
5646,0.73261,0.117914
5649,0.733356,0.0977112
5652,0.729317,0.106654
5655,0.722378,0.123285
5658,0.718969,0.0877289
5661,0.718334,0.10221
5664,0.720134,0.0725764
5667,0.721927,0.0809873
5670,0.723017,0.117191
5673,0.723175,0.0656076
5676,0.722997,0.0623354
5679,0.721674,0.062065
5682,0.723417,0.0350126
5685,0.726336,0.0555259
5688,0.728447,0.0570595
5691,0.727139,0.061344
5694,0.725739,0.108072
5697,0.725844,0.108276
5700,0.726599,0.0611572
5703,0.726538,0.0320109
5706,0.730401,0.0475879
5709,0.735306,0.0404897
5712,0.762513,0.0487792
5715,0.779519,0.0359636
5718,0.805751,0.0525595
5721,0.851788,0.128494
5724,0.853139,0.133386
5727,0.854654,0.0610305
5730,0.857213,0.0771613
5733,0.859274,0.0943097
5736,0.864912,0.0667179
147789790