Frame_Num,Queue_Density,Dynamic_Density
3,0.117779,0.0875399
6,0.0951,0.0861321
9,0.0994172,0.0884686
12,0.0986308,0.0882775
15,0.102415,0.0906605
18,0.104766,0.0665044
21,0.105276,0.0774588
24,0.109955,0.0822341
27,0.116844,0.0946751
30,0.121246,0.0888534
33,0.122367,0.0754198
36,0.123615,0.0760308
39,0.124762,0.0778285
42,0.125988,0.0750833
45,0.126421,0.0862147
48,0.126843,0.0728
51,0.127034,0.0446176
54,0.130448,0.0317376
57,0.132259,0.0388993
60,0.132639,0.0452399
63,0.132179,0.036344
66,0.132549,0.032698
69,0.135528,0.0379077
72,0.13868,0.037374
75,0.142461,0.0405633
78,0.146561,0.0459777
81,0.156183,0.0698098
84,0.1673,0.0624614
87,0.181042,0.0809762
90,0.193963,0.0923863
93,0.200078,0.0938098
96,0.198058,0.121844
99,0.201388,0.100843
102,0.202558,0.0956522
105,0.202144,0.106475
108,0.208925,0.0934503
111,0.217669,0.0959982
114,0.227697,0.109471
117,0.233903,0.108254
120,0.232721,0.120137
123,0.233405,0.111947
126,0.233532,0.120838
129,0.236292,0.12216
132,0.241405,0.129995
135,0.243739,0.133202
138,0.244681,0.12856
141,0.249343,0.115726
144,0.248849,0.127864
147,0.248722,0.110152
150,0.245783,0.102456
153,0.242731,0.0905017
156,0.240856,0.101274
159,0.235711,0.0912071
162,0.230934,0.0988717
165,0.22761,0.0937441
168,0.227411,0.0827042
171,0.221116,0.100102
174,0.218568,0.0876942
177,0.216146,0.0877523
180,0.218284,0.0817799
183,0.2176,0.0769562
186,0.216428,0.0739333
189,0.215079,0.0633959
192,0.214949,0.0610983
195,0.213493,0.0636588
198,0.213374,0.0415164
201,0.213106,0.046168
204,0.213771,0.0505217
207,0.213571,0.0322264
210,0.213441,0.0371706
213,0.213565,0.0400062
216,0.212925,0.0369112
219,0.21281,0.0843593
222,0.213177,0.0406883
225,0.213728,0.0537406
228,0.213351,0.0468603
231,0.214417,0.0392518
234,0.215195,0.0354609
237,0.214768,0.0355077
240,0.213195,0.0334929
243,0.215277,0.0356824
246,0.210981,0.0748165
249,0.212417,0.0423197
252,0.211767,0.0462237
255,0.213104,0.0407951
258,0.214159,0.0367618
261,0.214048,0.0588735
264,0.214454,0.0432719
267,0.21511,0.0329919
270,0.213848,0.0887468
273,0.211873,0.0462023
276,0.213961,0.0402761
279,0.216245,0.0401569
282,0.220113,0.0406692
285,0.223961,0.0337478
288,0.223368,0.0347271
291,0.219216,0.0556856
294,0.216121,0.0595809
297,0.211825,0.0615258
300,0.209147,0.0874829
303,0.208072,0.0538017
306,0.208774,0.0467486
309,0.209466,0.040495
312,0.211305,0.0489891
315,0.213099,0.0496527
318,0.213861,0.0398075
321,0.212119,0.0802595
324,0.212937,0.0481731
327,0.212563,0.033531
330,0.212921,0.0518629
333,0.2125,0.0377695
336,0.212286,0.0335415
339,0.212725,0.033091
342,0.218022,0.0349994
345,0.221952,0.0694892
348,0.224216,0.0505683
351,0.224063,0.0467582
354,0.223262,0.0675863
357,0.223835,0.0611034
360,0.22439,0.0574632
363,0.224511,0.0496227
366,0.224379,0.0675509
369,0.22324,0.0790453
372,0.223059,0.0899893
375,0.222941,0.0583688
378,0.222285,0.0474291
381,0.221681,0.0507918
384,0.226491,0.050232
387,0.230588,0.0426744
390,0.235522,0.0682511
393,0.238445,0.0547808
396,0.23992,0.103164
399,0.241415,0.0786612
402,0.242415,0.0702247
405,0.246326,0.0703673
408,0.257295,0.0751999
411,0.268726,0.0781075
414,0.283546,0.0973343
417,0.296513,0.107547
420,0.303491,0.161633
423,0.314381,0.137117
426,0.328764,0.151438
429,0.340582,0.150296
432,0.352819,0.162201
435,0.362554,0.17398
438,0.368641,0.186653
441,0.372471,0.191506
444,0.369698,0.206643
447,0.371019,0.196395
450,0.380882,0.197494
453,0.387519,0.204187
456,0.391644,0.204227
459,0.393984,0.205119
462,0.395432,0.20123
465,0.396213,0.190749
468,0.395718,0.197015
471,0.396172,0.218611
474,0.398179,0.200165
477,0.397501,0.177769
480,0.396493,0.170363
483,0.397098,0.17427
486,0.397214,0.169469
489,0.3986,0.149288
492,0.399715,0.16697
495,0.396938,0.18205
498,0.399098,0.180245
501,0.411474,0.170715
504,0.424799,0.0952071
507,0.439984,0.113425
510,0.454123,0.121299
513,0.463168,0.117113
516,0.46893,0.123118
519,0.473904,0.160578
522,0.482047,0.156293
525,0.486155,0.125799
528,0.488889,0.12604
531,0.49285,0.133092
534,0.493648,0.132691
537,0.496097,0.128061
540,0.498634,0.116315
543,0.499807,0.111661
546,0.495941,0.145742
549,0.495382,0.126232
552,0.493051,0.120083
555,0.491495,0.124572
558,0.490174,0.111976
561,0.488741,0.114353
564,0.485647,0.140431
567,0.481161,0.158621
570,0.482009,0.199197
573,0.487145,0.14354
576,0.494583,0.109165
579,0.501164,0.100093
582,0.509204,0.12812
585,0.516152,0.119462
588,0.52273,0.137226
591,0.527758,0.124302
594,0.532437,0.13054
597,0.543639,0.121586
600,0.550405,0.120138
603,0.559425,0.111299
606,0.568084,0.127172
609,0.579667,0.123604
612,0.587854,0.135718
615,0.595617,0.132946
618,0.600541,0.132388
621,0.606662,0.199469
624,0.611311,0.167561
627,0.615861,0.15196
630,0.619539,0.156746
633,0.623567,0.119614
636,0.62498,0.148587
639,0.623867,0.107119
642,0.621265,0.0955258
645,0.6203,0.181683
648,0.621725,0.131254
651,0.624466,0.120665
654,0.625767,0.11763
657,0.627488,0.127259
660,0.628774,0.142802
663,0.630054,0.12591
666,0.633169,0.113069
669,0.631508,0.173078
672,0.628991,0.142433
675,0.631203,0.141322
678,0.633651,0.138027
681,0.635595,0.150501
684,0.636649,0.126283
687,0.638483,0.151133
690,0.640889,0.149301
693,0.642752,0.141627
696,0.641699,0.226836
699,0.642944,0.159757
702,0.64421,0.152867
705,0.64582,0.135877
708,0.646809,0.125486
711,0.648111,0.127175
714,0.649241,0.095198
717,0.649035,0.105665
720,0.645444,0.146037
723,0.64504,0.0728977
726,0.644873,0.0890129
729,0.645379,0.0786897
732,0.64866,0.0765957
735,0.649783,0.0780417
738,0.651928,0.0872351
741,0.654307,0.0804857
744,0.652276,0.161942
747,0.651488,0.0977517
750,0.652162,0.133403
753,0.651181,0.131258
756,0.653701,0.137042
759,0.652614,0.114158
762,0.654905,0.133304
765,0.653909,0.109905
768,0.654827,0.104044
771,0.656138,0.216922
774,0.652636,0.148983
777,0.653459,0.127236
780,0.65458,0.133237
783,0.660376,0.0774604
786,0.660687,0.0845978
789,0.66637,0.0803786
792,0.673869,0.10137
795,0.674722,0.177012
798,0.682304,0.15667
801,0.683504,0.156635
804,0.683115,0.141013
807,0.688373,0.137254
810,0.688165,0.124894
813,0.691885,0.15846
816,0.695181,0.132195
819,0.697083,0.16515
822,0.700876,0.118367
825,0.703662,0.111876
828,0.705776,0.123598
831,0.709342,0.130036
834,0.70771,0.0944835
837,0.705338,0.0928062
840,0.707176,0.118022
843,0.706874,0.0852574
846,0.707073,0.221733
849,0.708875,0.126963
852,0.709249,0.0716385
855,0.710269,0.0799227
858,0.705962,0.085712
861,0.706148,0.0987261
864,0.70369,0.109858
867,0.706057,0.0778014
870,0.702216,0.153151
873,0.70076,0.118773
876,0.702237,0.124987
879,0.703542,0.158857
882,0.708229,0.110836
885,0.706937,0.097254
888,0.707964,0.105469
891,0.70867,0.0770202
894,0.710622,0.0476584
897,0.711719,0.0773076
900,0.712542,0.0652666
903,0.715251,0.0616705
906,0.710606,0.210908
909,0.712372,0.0911578
912,0.713238,0.103674
915,0.712643,0.0794133
918,0.706864,0.0625549
921,0.706168,0.0690495
924,0.707842,0.0851059
927,0.709613,0.0964415
930,0.706652,0.153347
933,0.706967,0.113317
936,0.710264,0.0939936
939,0.714326,0.0665245
942,0.715063,0.0775101
945,0.714867,0.0672796
948,0.716113,0.080679
951,0.716774,0.0997385
954,0.717523,0.155483
957,0.717343,0.114541
960,0.719709,0.0989142
963,0.720786,0.101582
966,0.721632,0.102074
969,0.72106,0.0843209
972,0.725317,0.0857721
975,0.726883,0.0813335
978,0.727391,0.0846069
981,0.721686,0.183404
984,0.720236,0.0980717
987,0.720929,0.0840074
990,0.717529,0.0891631
993,0.715066,0.0895093
996,0.715314,0.0839068
999,0.714285,0.0887647
1002,0.718934,0.0849883
1005,0.713754,0.173434
1008,0.711372,0.102398
1011,0.710004,0.119863
1014,0.71183,0.0853567
1017,0.712384,0.0763658
1020,0.712722,0.0796915
1023,0.710435,0.090263
1026,0.7106,0.0636025
1029,0.710594,0.0766819
1032,0.710388,0.0718357
1035,0.708314,0.156201
1038,0.704907,0.095454
1041,0.706252,0.0726234
1044,0.707594,0.0858635
1047,0.706326,0.0800612
1050,0.705564,0.056857
1053,0.705409,0.0490195
1056,0.705032,0.0518502
1059,0.705244,0.0536489
1062,0.698606,0.165306
1065,0.698112,0.0758133
1068,0.697296,0.0698085
1071,0.69855,0.0640244
1074,0.699261,0.0805262
1077,0.699779,0.0542341
1080,0.699545,0.049367
1083,0.700151,0.0646736
1086,0.703367,0.131956
1089,0.707121,0.0640283
1092,0.709254,0.0618874
1095,0.709429,0.0698228
1098,0.709606,0.0642621
1101,0.709991,0.0678569
1104,0.709981,0.0724627
1107,0.708952,0.0764977
1110,0.708992,0.104062
1113,0.708968,0.0795805
1116,0.709994,0.0673945
1119,0.706141,0.0660661
1122,0.706171,0.0664527
1125,0.707325,0.0434654
1128,0.70755,0.0466996
1131,0.708447,0.0547579
1134,0.708788,0.0560458
1137,0.710286,0.119644
1140,0.710709,0.0606961
1143,0.712961,0.0580352
1146,0.713147,0.0527802
1149,0.713021,0.0676453
1152,0.70973,0.0509267
1155,0.707885,0.0631022
1158,0.708137,0.0579543
1161,0.704646,0.118959
1164,0.702485,0.0616104
1167,0.702607,0.0531016
1170,0.701682,0.0606922
1173,0.703294,0.0687661
1176,0.703384,0.0601109
1179,0.702317,0.0641655
1182,0.702582,0.0610801
1185,0.702335,0.0960954
1188,0.70291,0.0582678
1191,0.705704,0.0829114
1194,0.708514,0.05803
1197,0.708839,0.068783
1200,0.710308,0.0468263
1203,0.71162,0.0418522
1206,0.712726,0.0537952
1209,0.714321,0.0658401
1212,0.725961,0.188508
1215,0.72642,0.0832406
1218,0.727027,0.0837317
1221,0.727611,0.0829049
1224,0.727644,0.095262
1227,0.726555,0.0864174
1230,0.727147,0.0696582
1233,0.726469,0.0594656
1236,0.728443,0.130352
1239,0.734703,0.0843509
1242,0.739214,0.10119
1245,0.73744,0.08854
1248,0.737546,0.077335
1251,0.732641,0.0861196
1254,0.731389,0.0618077
1257,0.732688,0.089427
1260,0.727149,0.154027
1263,0.721291,0.097561
1266,0.720271,0.118618
1269,0.720694,0.0897627
1272,0.718885,0.103174
1275,0.715985,0.07028
1278,0.713601,0.0745162
1281,0.711091,0.0637919
1284,0.706759,0.0566663
1287,0.708728,0.122863
1290,0.707162,0.083396
1293,0.707284,0.066036
1296,0.708339,0.0723909
1299,0.705897,0.0726482
1302,0.705338,0.0612173
1305,0.707141,0.0767577
1308,0.705627,0.0500815
1311,0.704088,0.118274
1314,0.701038,0.0750047
1317,0.699097,0.0741961
1320,0.70237,0.0592096
1323,0.703906,0.0808071
1326,0.704887,0.0771979
1329,0.703839,0.0597425
1332,0.703257,0.0564612
1335,0.701302,0.114357
1338,0.698373,0.110187
1341,0.695134,0.0704198
1344,0.694671,0.0606229
1347,0.695298,0.0615216
1350,0.69653,0.0907959
1353,0.697788,0.0715758
1356,0.699175,0.0640152
1359,0.700011,0.0761855
1362,0.701802,0.201163
1365,0.702656,0.0811206
1368,0.701498,0.0786282
1371,0.702352,0.0783827
1374,0.704032,0.0911787
1377,0.703953,0.0759413
1380,0.704072,0.0611781
1383,0.704624,0.0588856
1386,0.703244,0.164276
1389,0.703607,0.126601
1392,0.704921,0.100467
1395,0.704955,0.119664
1398,0.705953,0.0972005
1401,0.705384,0.0868576
1404,0.705179,0.0980142
1407,0.704319,0.0898071
1410,0.703593,0.162121
1413,0.703551,0.128424
1416,0.703341,0.117083
1419,0.703653,0.112363
1422,0.70614,0.116965
1425,0.710482,0.0891017
1428,0.713267,0.113811
1431,0.719461,0.153574
1434,0.725017,0.153945
1437,0.729252,0.217642
1440,0.734414,0.229062
1443,0.742284,0.23917
1446,0.750336,0.249651
1449,0.756092,0.265853
1452,0.761179,0.275964
1455,0.769374,0.282757
1458,0.774593,0.27368
1461,0.77895,0.33196
1464,0.783173,0.293855
1467,0.788661,0.373068
1470,0.793724,0.417736
1473,0.80289,0.399218
1476,0.807494,0.414109
1479,0.814755,0.405497
1482,0.819196,0.456553
1485,0.825582,0.478814
1488,0.830223,0.427958
1491,0.83676,0.427992
1494,0.83877,0.467319
1497,0.840164,0.476514
1500,0.8413,0.519387
1503,0.839693,0.499335
1506,0.838285,0.541079
1509,0.837081,0.522289
1512,0.83198,0.521846
1515,0.829541,0.555495
1518,0.812329,0.586684
1521,0.795363,0.521571
1524,0.769851,0.521211
1527,0.758105,0.549643
1530,0.75352,0.547686
1533,0.749134,0.543292
1536,0.745614,0.576014
1539,0.746572,0.522427
1542,0.750383,0.561626
1545,0.752663,0.586364
1548,0.750393,0.583663
1551,0.721216,0.589109
1554,0.715543,0.587204
1557,0.713425,0.620708
1560,0.701183,0.58732
1563,0.693851,0.554271
1566,0.693381,0.596095
1569,0.689619,0.574678
1572,0.690046,0.585347
1575,0.688639,0.600103
1578,0.688891,0.583293
1581,0.691986,0.616404
1584,0.690632,0.618132
1587,0.688502,0.620598
1590,0.700488,0.567688
1593,0.708912,0.630573
1596,0.720722,0.636043
1599,0.732944,0.623433
1602,0.737425,0.641709
1605,0.738384,0.623855
1608,0.748691,0.665004
1611,0.741929,0.643394
1614,0.729479,0.676347
1617,0.710896,0.655896
1620,0.692453,0.628994
1623,0.686584,0.6251
1626,0.686273,0.610525
1629,0.679535,0.644967
1632,0.688132,0.628636
1635,0.685252,0.627237
1638,0.676014,0.61429
1641,0.675737,0.628493
1644,0.67473,0.616202
1647,0.661645,0.607434
1650,0.650303,0.529445
1653,0.645773,0.594688
1656,0.641204,0.554882
1659,0.642275,0.533593
1662,0.638819,0.559714
1665,0.640591,0.571446
1668,0.636747,0.543789
1671,0.641045,0.48333
1674,0.638389,0.566965
1677,0.632183,0.52937
1680,0.631856,0.547916
1683,0.637017,0.541627
1686,0.632221,0.558498
1689,0.636776,0.5256
1692,0.654418,0.530758
1695,0.670536,0.563334
1698,0.688298,0.588547
1701,0.702948,0.61776
1704,0.71,0.624926
1707,0.707979,0.619022
1710,0.688877,0.58439
1713,0.677172,0.550398
1716,0.669112,0.574013
1719,0.651965,0.55143
1722,0.634208,0.556399
1725,0.620145,0.48921
1728,0.614617,0.538073
1731,0.590439,0.517253
1734,0.578171,0.492034
1737,0.550032,0.478937
1740,0.528087,0.472772
1743,0.502539,0.465158
1746,0.485136,0.410646
1749,0.468521,0.432813
1752,0.456272,0.406394
1755,0.44754,0.352263
1758,0.441304,0.405292
1761,0.433239,0.383955
1764,0.426756,0.372136
1767,0.430523,0.408997
1770,0.431797,0.410207
1773,0.441446,0.419374
1776,0.440519,0.418493
1779,0.432774,0.408821
1782,0.426524,0.384913
1785,0.418369,0.389322
1788,0.402013,0.378951
1791,0.38476,0.365522
1794,0.366856,0.348485
1797,0.362231,0.342378
1800,0.369591,0.343126
1803,0.365075,0.346821
1806,0.362592,0.343845
1809,0.361085,0.340925
1812,0.347234,0.327727
1815,0.351296,0.333731
1818,0.342572,0.300214
1821,0.344507,0.327282
1824,0.348528,0.325535
1827,0.350384,0.332865
1830,0.353615,0.335935
1833,0.346376,0.329057
1836,0.335861,0.28994
1839,0.322827,0.306686
1842,0.309259,0.293796
1845,0.296899,0.282055
1848,0.276214,0.262403
1851,0.250375,0.237856
1854,0.236483,0.223892
1857,0.241176,0.227563
1860,0.237092,0.225237
1863,0.227778,0.216389
1866,0.220216,0.203488
1869,0.222407,0.211286
1872,0.22326,0.201378
1875,0.217915,0.201542
1878,0.226865,0.209865
1881,0.243897,0.231702
1884,0.258532,0.245606
1887,0.266712,0.24315
1890,0.283659,0.259762
1893,0.301056,0.282463
1896,0.31424,0.286407
1899,0.34074,0.323703
1902,0.382604,0.352946
1905,0.407313,0.373571
1908,0.412903,0.338212
1911,0.409488,0.383763
1914,0.417753,0.374539
1917,0.409234,0.385644
1920,0.394632,0.372563
1923,0.374108,0.355402
1926,0.344547,0.32732
1929,0.324773,0.306302
1932,0.308296,0.292882
1935,0.298749,0.283812
1938,0.280496,0.266471
1941,0.273381,0.259711
1944,0.26091,0.244333
1947,0.240722,0.228686
1950,0.216525,0.171063
1953,0.185194,0.175935
1956,0.163021,0.15487
1959,0.14289,0.132786
1962,0.123419,0.0888929
1965,0.105566,0.0999037
1968,0.0891827,0.0827678
1971,0.0739244,0.0698203
1974,0.0600429,0.055863
1977,0.0500188,0.0451026
1980,0.0386767,0.0185344
1983,0.0256965,0.0222767
1986,0.0193403,0.0183733
1989,0.0189641,0.0180159
1992,0.0215139,0.0204382
1995,0.0206896,0.0196552
1998,0.0211717,0.0201131
2001,0.0302448,0.0287326
2004,0.0618495,0.0506892
2007,0.100291,0.0755586
2010,0.143212,0.124284
2013,0.182101,0.146421
2016,0.222552,0.173328
2019,0.250943,0.209481
2022,0.265104,0.2407
2025,0.288683,0.246231
2028,0.30803,0.27356
2031,0.321509,0.292786
2034,0.319893,0.291175
2037,0.306678,0.267535
2040,0.296586,0.281757
2043,0.276066,0.262263
2046,0.256638,0.241327
2049,0.241823,0.229732
2052,0.225539,0.214262
2055,0.204101,0.193896
2058,0.180603,0.169132
2061,0.150913,0.142946
2064,0.130104,0.123598
2067,0.114028,0.101359
2070,0.10012,0.0859366
2073,0.084202,0.0787165
2076,0.0709514,0.0674038
2079,0.0636521,0.0542468
2082,0.0509959,0.0363678
2085,0.0394709,0.0212609
2088,0.0289072,0.0274619
2091,0.0243014,0.0207932
2094,0.0266292,0.0252977
2097,0.0274077,0.0257892
2100,0.0343125,0.0323301
2103,0.0502004,0.0455256
2106,0.0714034,0.0648052
2109,0.0954057,0.0868964
2112,0.12288,0.107347
2115,0.149936,0.126724
2118,0.175837,0.158599
2121,0.207499,0.177629
2124,0.238607,0.208548
2127,0.268963,0.221111
2130,0.28879,0.218287
2133,0.2997,0.228647
2136,0.309409,0.236731
2139,0.31096,0.236389
2142,0.317341,0.254179
2145,0.318557,0.233241
2148,0.309626,0.248708
2151,0.300714,0.258088
2154,0.292022,0.266336
2157,0.302711,0.275715
2160,0.309611,0.260048
2163,0.309677,0.247506
2166,0.309421,0.272318
2169,0.305308,0.263783
2172,0.292884,0.247745
2175,0.271565,0.242376
2178,0.240952,0.190029
2181,0.21182,0.184979
2184,0.186741,0.160611
2187,0.159685,0.151701
2190,0.132904,0.125402
2193,0.106571,0.101243
2196,0.0853476,0.0810802
2199,0.0661967,0.0628868
2202,0.0511448,0.0483953
2205,0.0401697,0.0379817
2208,0.0338227,0.0321315
2211,0.0264855,0.0251612
2214,0.0186179,0.017687
2217,0.0142956,0.0135808
2220,0.0122709,0.0116573
2223,0.0110783,0.0105244
2226,0.011862,0.0112689
2229,0.0122421,0.0116013
2232,0.0141871,0.0127509
2235,0.0125152,0.0118171
2238,0.0127986,0.0121587
2241,0.0127085,0.0120124
2244,0.0136255,0.0129442
2247,0.0135379,0.012861
2250,0.0134635,0.0127903
2253,0.0149931,0.0142434
2256,0.0171902,0.0163307
2259,0.0182835,0.0173694
2262,0.0174867,0.0166124
2265,0.0192018,0.0182417
2268,0.0351994,0.0334395
2271,0.0562065,0.0491022
2274,0.0743633,0.0698248
2277,0.0845821,0.0797176
2280,0.0917782,0.0871893
2283,0.0983499,0.0934325
2286,0.100146,0.0951387
2289,0.103388,0.0979713
2292,0.102274,0.0971602
2295,0.101337,0.0962705
2298,0.105013,0.0997625
2301,0.114506,0.10878
2304,0.115344,0.109577
2307,0.117156,0.111298
2310,0.122077,0.115973
2313,0.126451,0.120129
2316,0.120808,0.114768
2319,0.110878,0.105334
2322,0.103559,0.0983813
2325,0.0923856,0.0877663
2328,0.0831557,0.0789979
2331,0.0771417,0.0732846
2334,0.0699743,0.0664756
2337,0.0612264,0.0581651
2340,0.0544627,0.0517395
2343,0.0432498,0.0410873
2346,0.0362523,0.0344397
2349,0.035317,0.0335512
2352,0.0346965,0.0329617
2355,0.0306223,0.0290912
2358,0.0274168,0.026046
2361,0.0231454,0.0219881
2364,0.0204611,0.019438
2367,0.0188505,0.0179079
2370,0.0190555,0.0181028
2373,0.0204336,0.0194119
2376,0.0198811,0.018887
2379,0.0184429,0.0175208
2382,0.0189367,0.0179898
2385,0.041813,0.0381261
2388,0.067691,0.0618132
2391,0.0759504,0.0689705
2394,0.077416,0.0732471
2397,0.0776681,0.0737847
2400,0.0758773,0.0720834
2403,0.0754149,0.0716441
2406,0.0769157,0.07307
2409,0.0779464,0.0740491
2412,0.0791142,0.0751584
2415,0.08041,0.0763895
2418,0.0721153,0.0685095
2421,0.0593075,0.0563422
2424,0.0497915,0.0473019
2427,0.0369629,0.0351147
2430,0.0227783,0.0216394
2433,0.0212801,0.0202161
2436,0.0355378,0.0333416
2439,0.0430735,0.0409198
2442,0.0480751,0.0441007
2445,0.0510103,0.0484597
2448,0.0542602,0.0499797
2451,0.0557754,0.0527075
2454,0.0559204,0.0531244
2457,0.0539741,0.0508028
2460,0.0590776,0.0561238
2463,0.0636508,0.0604683
2466,0.0631479,0.0599905
2469,0.0539715,0.0512729
2472,0.0440506,0.041848
2475,0.0354672,0.0336939
2478,0.0345019,0.0327768
2481,0.0315067,0.0290294
2484,0.0271347,0.0257779
2487,0.0235229,0.0222762
2490,0.0249545,0.0237068
2493,0.0257161,0.0234645
2496,0.0261302,0.0228013
2499,0.0274926,0.0260058
2502,0.0284775,0.025669
2505,0.0296257,0.0281444
2508,0.0382508,0.0363383
2511,0.0600194,0.0553122
2514,0.0820232,0.077922
2517,0.0871907,0.0828311
2520,0.0890691,0.0846156
2523,0.0896451,0.0851629
2526,0.0895263,0.0841128
2529,0.0905908,0.0860613
2532,0.091675,0.0863741
2535,0.0935678,0.0888894
2538,0.0949041,0.0901589
2541,0.0954057,0.0901312
2544,0.0962299,0.0905675
2547,0.0971247,0.0922685
2550,0.0982585,0.0933456
2553,0.0982454,0.0933332
2556,0.0905765,0.0860476
2559,0.0801657,0.0761574
2562,0.068736,0.0652992
2565,0.0525634,0.0499352
2568,0.0361073,0.0239393
2571,0.0228254,0.0216841
2574,0.0138436,0.0131514
2577,0.00946245,0.00898933
2580,0.00726665,0.00671529
2583,0.00665272,0.00632008
2586,0.00655997,0.00558643
2589,0.00646854,0.00585127
2592,0.00649858,0.00617365
2595,0.00628827,0.00597386
2598,0.00624255,0.00593043
2601,0.00637318,0.00532903
2604,0.00660961,0.00627913
2607,0.00667753,0.00547161
2610,0.00679771,0.0050186
2613,0.00688653,0.00565533
2616,0.00694793,0.00482005
2619,0.00678203,0.00635731
2622,0.00686041,0.00651739
2625,0.015479,0.014375
2628,0.0338566,0.0321638
2631,0.044368,0.0413786
2634,0.0484892,0.0451329
2637,0.0579961,0.0550963
2640,0.0837631,0.0790735
2643,0.116603,0.109165
2646,0.144997,0.13752
2649,0.166375,0.157563
2652,0.177698,0.168813
2655,0.184483,0.175161
2658,0.193456,0.181105
2661,0.202255,0.192143
2664,0.202262,0.18709
2667,0.200274,0.19026
2670,0.202867,0.192723
2673,0.20234,0.192223
2676,0.205241,0.181736
2679,0.196689,0.186855
2682,0.189786,0.180297
2685,0.179976,0.135319
2688,0.169599,0.161119
2691,0.160083,0.152079
2694,0.151629,0.144048
2697,0.138539,0.131612
2700,0.125136,0.118879
2703,0.112524,0.0921321
2706,0.0981148,0.0932091
2709,0.0854286,0.0811571
2712,0.0693369,0.0656337
2715,0.0581593,0.0552514
2718,0.0581384,0.0552315
2721,0.0596459,0.0566636
2724,0.0603094,0.057294
2727,0.0649531,0.0617055
2730,0.0809978,0.0769479
2733,0.0938904,0.0891959
2736,0.100574,0.0926855
2739,0.106184,0.100874
2742,0.111031,0.0988088
2745,0.113002,0.10222
2748,0.120232,0.110682
2751,0.12171,0.104922
2754,0.124815,0.0916678
2757,0.125474,0.100824
2760,0.125892,0.102638
2763,0.125088,0.0989476
2766,0.127112,0.0921171
2769,0.129863,0.0961065
2772,0.132086,0.098004
2775,0.134623,0.104762
2778,0.138184,0.106724
2781,0.141388,0.108317
2784,0.14346,0.114024
2787,0.141277,0.12231
2790,0.142279,0.115687
2793,0.142953,0.112437
2796,0.140244,0.118458
2799,0.141759,0.102076
2802,0.142139,0.0871811
2805,0.142568,0.0725912
2808,0.142866,0.0612794
2811,0.140091,0.0816581
2814,0.143618,0.038083
2817,0.145012,0.0427759
2820,0.1447,0.0566041
2823,0.144709,0.0493099
2826,0.144074,0.0444358
2829,0.144254,0.0484182
2832,0.145475,0.0354557
2835,0.146547,0.0559491
2838,0.146882,0.0586208
2841,0.146151,0.0524814
2844,0.145268,0.0407009
2847,0.144794,0.0542298
2850,0.146065,0.0474455
2853,0.148169,0.0513683
2856,0.148138,0.0449156
2859,0.147218,0.0473854
2862,0.143958,0.0715719
2865,0.14517,0.0413453
2868,0.146712,0.0630055
2871,0.149266,0.05324
2874,0.149351,0.0429572
2877,0.149172,0.0430719
2880,0.153612,0.038511
2883,0.158429,0.0478944
2886,0.161157,0.0548197
2889,0.16353,0.0577389
2892,0.164339,0.0560842
2895,0.163261,0.0355448
2898,0.164135,0.0382133
2901,0.164608,0.0377853
2904,0.163681,0.0397919
2907,0.163176,0.0367976
2910,0.162707,0.0532381
2913,0.160529,0.049182
2916,0.161703,0.0489479
2919,0.161751,0.056682
2922,0.163938,0.0532368
2925,0.163668,0.0506759
2928,0.162868,0.0582403
2931,0.165731,0.0438912
2934,0.170571,0.0570895
2937,0.166932,0.0587445
2940,0.167521,0.0531798
2943,0.177388,0.0652775
2946,0.188669,0.0725979
2949,0.200403,0.076657
2952,0.212034,0.0737341
2955,0.219645,0.0902049
2958,0.23173,0.0984549
2961,0.243142,0.126958
2964,0.255089,0.107078
2967,0.267578,0.140574
2970,0.280527,0.129163
2973,0.293446,0.147137
2976,0.303793,0.152233
2979,0.31127,0.152314
2982,0.320422,0.156935
2985,0.329752,0.167119
2988,0.340529,0.180121
2991,0.354603,0.180468
2994,0.371218,0.200604
2997,0.389168,0.210696
3000,0.406496,0.211223
3003,0.419403,0.215882
3006,0.430522,0.212295
3009,0.449562,0.226192
3012,0.46211,0.239398
3015,0.488406,0.245623
3018,0.517198,0.229654
3021,0.5344,0.180509
3024,0.541646,0.164411
3027,0.545318,0.172289
3030,0.54875,0.165102
3033,0.550553,0.165171
3036,0.552542,0.174609
3039,0.553714,0.162807
3042,0.54304,0.159284
3045,0.542752,0.159409
3048,0.541578,0.164075
3051,0.539191,0.157661
3054,0.53808,0.161225
3057,0.543943,0.157382
3060,0.553825,0.189321
3063,0.562793,0.176401
3066,0.572482,0.192583
3069,0.581303,0.195279
3072,0.585306,0.158214
3075,0.585636,0.15888
3078,0.588498,0.150873
3081,0.5962,0.140893
3084,0.607098,0.171258
3087,0.609187,0.188734
3090,0.625546,0.173814
3093,0.634346,0.159525
3096,0.634861,0.15685
3099,0.631412,0.166859
3102,0.628959,0.152862
3105,0.623131,0.147531
3108,0.618799,0.143743
3111,0.61667,0.159114
3114,0.616543,0.145325
3117,0.614678,0.1398
3120,0.613142,0.13406
3123,0.612127,0.125398
3126,0.613676,0.120789
3129,0.61698,0.106297
3132,0.619563,0.0917887
3135,0.619109,0.0867779
3138,0.619535,0.0906849
3141,0.626389,0.101925
3144,0.631988,0.092063
3147,0.635029,0.095373
3150,0.639433,0.118718
3153,0.641024,0.0995948
3156,0.640892,0.119861
3159,0.642032,0.120862
3162,0.63966,0.150037
3165,0.641642,0.132418
3168,0.642314,0.113714
3171,0.642715,0.124688
3174,0.643255,0.105969
3177,0.642987,0.0947708
3180,0.648149,0.0635006
3183,0.654925,0.0743255
3186,0.660922,0.108348
3189,0.667143,0.123064
3192,0.67345,0.142455
3195,0.676436,0.100102
3198,0.673403,0.118294
3201,0.673574,0.0940315
3204,0.67588,0.0834209
3207,0.676325,0.0890325
3210,0.675746,0.145705
3213,0.67449,0.0998561
3216,0.673716,0.0840413
3219,0.674803,0.0751144
3222,0.675628,0.0617711
3225,0.676235,0.050621
3228,0.676568,0.0537129
3231,0.67661,0.0564064
3234,0.67673,0.0539545
3237,0.675756,0.117255
3240,0.67572,0.0635006
3243,0.674694,0.0616013
3246,0.674785,0.0963122
3249,0.676078,0.0908443
3252,0.67441,0.102382
3255,0.673355,0.0599724
3258,0.673984,0.0362666
3261,0.676015,0.106679
3264,0.677374,0.0704511
3267,0.676518,0.073253
3270,0.678646,0.0547331
3273,0.681174,0.0479171
3276,0.68231,0.0467663
3279,0.682599,0.0591116
3282,0.68157,0.0540956
3285,0.679033,0.110323
3288,0.676394,0.0963096
3291,0.674304,0.0549329
3294,0.675168,0.0530741
3297,0.674394,0.0524001
3300,0.674972,0.0526052
3303,0.67449,0.0500253
3306,0.674337,0.0709841
3309,0.673532,0.0711369
3312,0.676584,0.13685
3315,0.67667,0.0880633
3318,0.676201,0.0809089
3321,0.674262,0.0716842
3324,0.672169,0.0915914
3327,0.672444,0.0908429
3330,0.672657,0.105742
3333,0.672515,0.0692873
3336,0.672489,0.0997098
3339,0.671164,0.0836586
3342,0.671791,0.0876622
3345,0.671062,0.0811689
3348,0.671764,0.0752921
3351,0.671858,0.0612342
3354,0.67191,0.0737585
3357,0.674188,0.0676662
3360,0.674633,0.121136
3363,0.672922,0.0791181
3366,0.672908,0.0539153
3369,0.671525,0.0636861
3372,0.669979,0.0568165
3375,0.668306,0.0487191
3378,0.666081,0.0497928
3381,0.665585,0.0421265
3384,0.665292,0.0394696
3387,0.662834,0.109865
3390,0.664019,0.0717926
3393,0.663908,0.055876
3396,0.662488,0.0738056
3399,0.66315,0.0534477
3402,0.663835,0.0441472
3405,0.666959,0.0671672
3408,0.668742,0.0644946
3411,0.669817,0.145964
3414,0.669987,0.118824
3417,0.668464,0.0873814
3420,0.668813,0.0751941
3423,0.669586,0.0969888
3426,0.667912,0.0922252
3429,0.667577,0.0704315
3432,0.667257,0.080406
3435,0.669245,0.164656
3438,0.671552,0.129629
3441,0.670866,0.0881338
3444,0.670632,0.083848
3447,0.670819,0.0811963
3450,0.67109,0.0621695
3453,0.671773,0.0751523
3456,0.672624,0.0745985
3459,0.673571,0.078832
3462,0.677156,0.169241
3465,0.675255,0.0900566
3468,0.674334,0.10096
3471,0.674184,0.0744639
3474,0.671323,0.0758799
3477,0.670477,0.0933
3480,0.66976,0.0858818
3483,0.668327,0.0549708
3486,0.66945,0.154482
3489,0.669574,0.0925071
3492,0.673254,0.0896543
3495,0.675118,0.110434
3498,0.675942,0.117873
3501,0.677424,0.0953599
3504,0.677396,0.106757
3507,0.676066,0.0856088
3510,0.672623,0.152884
3513,0.66697,0.127107
3516,0.66887,0.138405
3519,0.669931,0.105694
3522,0.670408,0.0999828
3525,0.673321,0.0983238
3528,0.676944,0.109495
3531,0.677898,0.0618756
3534,0.677382,0.0731851
3537,0.672086,0.192835
3540,0.66962,0.105803
3543,0.668664,0.099165
3546,0.670226,0.0781227
3549,0.673056,0.068928
3552,0.67214,0.0713577
3555,0.671389,0.0532165
3558,0.671732,0.0868132
3561,0.671555,0.150339
3564,0.672822,0.0915836
3567,0.673263,0.0989587
3570,0.672671,0.130447
3573,0.671101,0.132823
3576,0.670612,0.128353
3579,0.671632,0.0843013
3582,0.671184,0.0723164
3585,0.670374,0.0602088
3588,0.670109,0.0622009
3591,0.67109,0.0744822
3594,0.671095,0.0955154
3597,0.670712,0.0791586
3600,0.670141,0.0747095
3603,0.668254,0.0494924
3606,0.668084,0.118768
3609,0.668617,0.0659106
3612,0.670966,0.0683703
3615,0.673871,0.0561804
3618,0.678109,0.0595479
3621,0.685257,0.17456
3624,0.687599,0.106881
3627,0.686418,0.0914151
3630,0.687112,0.120486
3633,0.68951,0.0876583
3636,0.691333,0.10773
3639,0.693251,0.104172
3642,0.695095,0.0910559
3645,0.69375,0.155991
3648,0.692935,0.112315
3651,0.692171,0.125183
3654,0.69221,0.119439
3657,0.689418,0.158125
3660,0.689222,0.136575
3663,0.686497,0.112915
3666,0.686234,0.102393
3669,0.686421,0.125671
3672,0.688396,0.098154
3675,0.686094,0.106911
3678,0.686511,0.0792866
3681,0.685513,0.0593951
3684,0.684373,0.0363176
3687,0.684204,0.0399307
3690,0.683903,0.0491031
3693,0.682912,0.0409757
3696,0.678695,0.120782
3699,0.674636,0.0930361
3702,0.675906,0.101104
3705,0.675268,0.110328
3708,0.6755,0.0936239
3711,0.675839,0.0842412
3714,0.67706,0.0852914
3717,0.678975,0.0943058
3720,0.676462,0.119793
3723,0.676799,0.0932765
3726,0.677697,0.106831
3729,0.678226,0.12287
3732,0.677573,0.115112
3735,0.676095,0.107665
3738,0.674744,0.086659
3741,0.672899,0.113446
3744,0.670989,0.137876
3747,0.669087,0.112768
3750,0.669186,0.109915
3753,0.668554,0.127619
3756,0.666931,0.0871672
3759,0.663903,0.0594591
3762,0.661891,0.0600691
3765,0.660526,0.0697667
3768,0.66067,0.102246
3771,0.659322,0.157778
3774,0.660556,0.0706183
3777,0.660408,0.0688849
3780,0.660824,0.0631035
3783,0.66164,0.0726913
3786,0.663594,0.0780313
3789,0.666452,0.0782324
3792,0.668545,0.0663234
3795,0.669834,0.155494
3798,0.67078,0.101173
3801,0.671287,0.103622
3804,0.669026,0.117919
3807,0.666772,0.140534
3810,0.667518,0.141406
3813,0.667725,0.11145
3816,0.667386,0.0881168
3819,0.671033,0.121962
3822,0.683128,0.120284
3825,0.683364,0.100014
3828,0.68352,0.0952594
3831,0.684869,0.0723805
3834,0.685283,0.0799462
3837,0.686558,0.0908638
3840,0.68839,0.0763175
3843,0.689152,0.0483925
3846,0.686486,0.171804
3849,0.68675,0.0804544
3852,0.688725,0.0661261
3855,0.689603,0.0804635
3858,0.689582,0.0693813
3861,0.690717,0.0524001
3864,0.690753,0.0610906
3867,0.692153,0.0440715
3870,0.6893,0.121128
3873,0.691296,0.08941
3876,0.691675,0.0650171
3879,0.691135,0.0610775
3882,0.690399,0.0556422
3885,0.690959,0.0532727
3888,0.689168,0.0461184
3891,0.687945,0.0468459
3894,0.688165,0.0920434
3897,0.687384,0.103998
3900,0.690625,0.0708143
3903,0.690917,0.0905373
3906,0.691044,0.0663521
3909,0.694751,0.0725085
3912,0.694044,0.0634105
3915,0.689237,0.0761451
3918,0.690575,0.0672508
3921,0.684898,0.114268
3924,0.6852,0.0481195
3927,0.685686,0.0391613
3930,0.687103,0.0476062
3933,0.688124,0.0803107
3936,0.687944,0.0656389
3939,0.68893,0.0515105
3942,0.69316,0.0431284
3945,0.686108,0.0926665
3948,0.682577,0.0665324
3951,0.682709,0.0882448
3954,0.688678,0.102376
3957,0.69192,0.0670144
3960,0.697997,0.0490261
3963,0.705987,0.0566807
3966,0.714895,0.0482253
3969,0.727372,0.0998965
3972,0.737179,0.0998952
3975,0.735842,0.0830499
3978,0.736783,0.0732243
3981,0.739435,0.102001
3984,0.731579,0.077898
3987,0.72074,0.0757793
3990,0.713074,0.0755964
3993,0.70606,0.0640897
3996,0.694751,0.134456
3999,0.687309,0.120274
4002,0.684042,0.119441
4005,0.683162,0.101787
4008,0.682251,0.101774
4011,0.683576,0.0926286
4014,0.685091,0.040845
4017,0.690268,0.0638206
4020,0.697447,0.134321
4023,0.705215,0.0791207
4026,0.704928,0.0556135
4029,0.706655,0.0652967
4032,0.712393,0.0596628
4035,0.718615,0.0875107
4038,0.724088,0.0546795
4041,0.728204,0.0642125
4044,0.73009,0.136759
4047,0.728465,0.0912296
4050,0.730022,0.10251
4053,0.727697,0.125818
4056,0.724891,0.143216
4059,0.717084,0.0866421
4062,0.7152,0.0747421
4065,0.71522,0.0587472
4068,0.722296,0.0345999
4071,0.725112,0.153587
4074,0.723683,0.0901885
4077,0.729787,0.0858505
4080,0.735741,0.0730584
4083,0.739896,0.0746037
4086,0.739605,0.0744874
4089,0.739557,0.0821878
4092,0.742004,0.0594447
4095,0.738781,0.154293
4098,0.735459,0.126906
4101,0.736146,0.121583
4104,0.736719,0.0917338
4107,0.733694,0.135816
4110,0.728224,0.0918618
4113,0.718892,0.112501
4116,0.713387,0.0615752
4119,0.710913,0.123179
4122,0.705484,0.101689
4125,0.702714,0.0922707
4128,0.69963,0.0675617
4131,0.696168,0.0883768
4134,0.696211,0.130544
4137,0.697396,0.135257
4140,0.694132,0.126001
4143,0.695961,0.124091
4146,0.694696,0.17359
4149,0.695627,0.115406
4152,0.696776,0.136747
4155,0.697865,0.150199
4158,0.703018,0.128147
4161,0.704972,0.140395
4164,0.707252,0.154942
4167,0.710233,0.157239
4170,0.71729,0.188337
4173,0.723892,0.171632
4176,0.736897,0.195813
4179,0.749602,0.214282
4182,0.764251,0.195729
4185,0.772896,0.164979
4188,0.781265,0.182063
4191,0.791199,0.179024
4194,0.803311,0.197315
4197,0.813066,0.232398
4200,0.823382,0.263363
4203,0.829705,0.355105
4206,0.83242,0.419448
4209,0.840654,0.455356
4212,0.851917,0.50879
4215,0.859117,0.569569
4218,0.867076,0.492468
4221,0.873146,0.542048
4224,0.878813,0.514177
4227,0.88806,0.453792
4230,0.891067,0.534149
4233,0.893981,0.521506
4236,0.890561,0.535919
4239,0.878165,0.532536
4242,0.838412,0.548884
4245,0.798147,0.556681
4248,0.781603,0.583926
4251,0.756987,0.609207
4254,0.753254,0.61533
4257,0.742995,0.647993
4260,0.744912,0.625241
4263,0.733707,0.642066
4266,0.727783,0.639264
4269,0.716646,0.632248
4272,0.711095,0.626906
4275,0.719918,0.627384
4278,0.730018,0.648062
4281,0.746913,0.662643
4284,0.748562,0.613588
4287,0.754129,0.658906
4290,0.75552,0.643677
4293,0.746911,0.656751
4296,0.739418,0.622864
4299,0.747078,0.666173
4302,0.748455,0.640849
4305,0.756348,0.626534
4308,0.759285,0.622179
4311,0.75342,0.675053
4314,0.75212,0.693032
4317,0.743565,0.646956
4320,0.716881,0.677863
4323,0.701641,0.661887
4326,0.693118,0.644
4329,0.678009,0.625384
4332,0.664245,0.608787
4335,0.660735,0.614463
4338,0.655024,0.615322
4341,0.652209,0.587945
4344,0.643541,0.578778
4347,0.636309,0.588728
4350,0.642163,0.584225
4353,0.63691,0.581142
4356,0.631517,0.593499
4359,0.623755,0.583722
4362,0.624848,0.587849
4365,0.622697,0.573239
4368,0.614853,0.533539
4371,0.610839,0.502948
4374,0.608844,0.536419
4377,0.597071,0.550011
4380,0.596741,0.54883
4383,0.598119,0.553607
4386,0.601554,0.56227
4389,0.597662,0.563796
4392,0.593222,0.520607
4395,0.586622,0.514743
4398,0.577476,0.515701
4401,0.564811,0.53657
4404,0.550626,0.522674
4407,0.538708,0.511773
4410,0.533171,0.506512
4413,0.529263,0.502799
4416,0.534943,0.508196
4419,0.541016,0.44124
4422,0.542563,0.513403
4425,0.550901,0.523356
4428,0.544956,0.501379
4431,0.535218,0.508457
4434,0.529865,0.471642
4437,0.518895,0.472229
4440,0.50603,0.480728
4443,0.50026,0.475081
4446,0.504168,0.466517
4449,0.514196,0.488486
4452,0.517714,0.487264
4455,0.529289,0.502824
4458,0.540551,0.513524
4461,0.532838,0.506196
4464,0.524376,0.498157
4467,0.529961,0.503463
4470,0.542524,0.494465
4473,0.547495,0.497062
4476,0.545436,0.5122
4479,0.5308,0.502882
4482,0.525468,0.499195
4485,0.510748,0.468467
4488,0.498495,0.461036
4491,0.502854,0.462982
4494,0.501339,0.476272
4497,0.495923,0.448083
4500,0.52496,0.494378
4503,0.544678,0.517444
4506,0.552759,0.524983
4509,0.563186,0.534419
4512,0.588108,0.529087
4515,0.618548,0.565412
4518,0.63409,0.495466
4521,0.632967,0.53319
4524,0.6499,0.544609
4527,0.667104,0.556215
4530,0.70504,0.612974
4533,0.712946,0.59238
4536,0.711332,0.616675
4539,0.702345,0.587474
4542,0.68825,0.551601
4545,0.668213,0.500874
4548,0.655211,0.480004
4551,0.648644,0.54026
4554,0.645286,0.521807
4557,0.638819,0.580147
4560,0.605191,0.567378
4563,0.600623,0.570592
4566,0.582773,0.553634
4569,0.574768,0.54603
4572,0.554585,0.526856
4575,0.555779,0.52799
4578,0.558466,0.530543
4581,0.548585,0.521155
4584,0.540434,0.495
4587,0.536557,0.475921
4590,0.526803,0.485411
4593,0.536681,0.503663
4596,0.53072,0.488909
4599,0.524923,0.477983
4602,0.515083,0.484369
4605,0.508216,0.482805
4608,0.506028,0.480727
4611,0.502859,0.477716
4614,0.478952,0.452948
4617,0.463247,0.440085
4620,0.442614,0.420483
4623,0.426787,0.405448
4626,0.407302,0.386937
4629,0.404291,0.355724
4632,0.409464,0.383363
4635,0.407067,0.371768
4638,0.400912,0.379392
4641,0.407057,0.369454
4644,0.415044,0.381418
4647,0.429638,0.405387
4650,0.445168,0.422909
4653,0.450698,0.407464
4656,0.45446,0.402589
4659,0.451645,0.429063
4662,0.445091,0.420178
4665,0.432245,0.361606
4668,0.414649,0.390248
4671,0.408619,0.367404
4674,0.396484,0.329637
4677,0.368996,0.343755
4680,0.340715,0.294227
4683,0.324831,0.308589
4686,0.314847,0.293515
4689,0.313455,0.297782
4692,0.309625,0.289747
4695,0.294147,0.27944
4698,0.295892,0.280321
4701,0.303139,0.287899
4704,0.307393,0.289665
4707,0.320382,0.304363
4710,0.334446,0.317724
4713,0.364558,0.341324
4716,0.394504,0.37395
4719,0.408512,0.37923
4722,0.40766,0.367335
4725,0.407435,0.382806
4728,0.412398,0.389243
4731,0.416596,0.395204
4734,0.417155,0.396116
4737,0.413681,0.392997
4740,0.412133,0.391526
4743,0.407041,0.385416
4746,0.395934,0.376137
4749,0.380431,0.361248
4752,0.356136,0.33833
4755,0.333677,0.316993
4758,0.313546,0.297869
4761,0.284004,0.269804
4764,0.254499,0.241774
4767,0.229869,0.218376
4770,0.208197,0.191898
4773,0.189705,0.18022
4776,0.170747,0.16221
4779,0.152694,0.145059
4782,0.133295,0.12663
4785,0.11025,0.104737
4788,0.0904602,0.0859372
4791,0.0756121,0.0718315
4794,0.056038,0.0532361
4797,0.0391156,0.0371598
4800,0.0227849,0.0216456
4803,0.0114976,0.0109227
4806,0.00419828,0.00398836
4809,0,0
4812,0.000320031,0.000304029
4815,0.000927435,0.000881064
4818,0.000809873,0.000769379
4821,0.000973154,0.000924496
4824,0.00135327,0.00128561
4827,0.00265429,0.00252158
4830,0.00350597,0.00333067
4833,0.0037855,0.00359623
4836,0.00630917,0.00599371
4839,0.00634052,0.00595126
4842,0.00664618,0.00631388
4845,0.00735548,0.00582325
4848,0.00741165,0.00704106
4851,0.00713733,0.00678047
4854,0.00742993,0.00642256
4857,0.00784663,0.00649936
4860,0.00762326,0.00676185
4863,0.00766636,0.00728305
4866,0.00714778,0.00679039
4869,0.00703414,0.00667864
4872,0.00682906,0.00614145
4875,0.00644241,0.00559714
4878,0.00670758,0.0063722
4881,0.00662006,0.00628906
4884,0.00610017,0.00579516
4887,0.00619814,0.0057676
4890,0.00628044,0.00596641
4893,0.00622035,0.00590933
4896,0.00545097,0.00517842
4899,0.00518972,0.00493023
4902,0.00516751,0.00490914
4905,0.00429494,0.00408019
4908,0.00283586,0.00269407
4911,0.000829467,0.000787994
4914,0,0
4917,0.0117236,0.0111374
4920,0.0328495,0.031207
4923,0.0418482,0.0397558
4926,0.0554136,0.0523971
4929,0.0826541,0.0772682
4932,0.102324,0.0884321
4935,0.106987,0.101638
4938,0.110805,0.102305
4941,0.115029,0.105867
4944,0.119531,0.113357
4947,0.122889,0.116745
4950,0.125175,0.118916
4953,0.12286,0.116717
4956,0.114076,0.108372
4959,0.104561,0.0993331
4962,0.0963305,0.091514
4965,0.0924196,0.0877836
4968,0.102141,0.0970336
4971,0.109193,0.103733
4974,0.119503,0.113528
4977,0.129923,0.117083
4980,0.125998,0.119698
4983,0.118765,0.112827
4986,0.110672,0.102831
4989,0.103732,0.0985451
4992,0.105361,0.100093
4995,0.106042,0.10074
4998,0.109004,0.103554
5001,0.110374,0.104855
5004,0.110252,0.10474
5007,0.105229,0.0843949
5010,0.0990854,0.0941311
5013,0.0935194,0.0888435
5016,0.0836834,0.0794992
5019,0.0682005,0.0493095
5022,0.0615504,0.0440445
5025,0.0509319,0.0483324
5028,0.0392932,0.0373286
5031,0.0317784,0.0301895
5034,0.0257331,0.0244464
5037,0.0200352,0.0190335
5040,0.0199268,0.0189305
5043,0.0208085,0.0197681
5046,0.0251531,0.0238954
5049,0.0401932,0.0380308
5052,0.0595962,0.0566164
5055,0.0807666,0.0690164
5058,0.104975,0.0927429
5061,0.129354,0.108103
5064,0.15304,0.136149
5067,0.172986,0.162807
5070,0.195831,0.173646
5073,0.211677,0.190318
5076,0.225151,0.201083
5079,0.236051,0.202239
5082,0.240059,0.20071
5085,0.22429,0.205152
5088,0.206763,0.186748
5091,0.184165,0.170419
5094,0.167235,0.158299
5097,0.158757,0.150819
5100,0.152214,0.144604
5103,0.142131,0.13198
5106,0.128908,0.122463
5109,0.101293,0.0962283
5112,0.0730728,0.0694191
5115,0.0603773,0.0513754
5118,0.0591874,0.0553296
5121,0.0495825,0.0471034
5124,0.0378799,0.0359859
5127,0.0290862,0.0276319
5130,0.017812,0.0100424
5133,0.00567956,0.00490104
5136,0,0
5139,0,0
5142,0,0
5145,0,0
5148,0,0
5151,0,0
5154,0,0
5157,0,0
5160,0,0
5163,0,0
5166,0,0
5169,0,0
5172,0,0
5175,0,0
5178,0,0
5181,0,0
5184,0,0
5187,0,0
5190,0,0
5193,0,0
5196,0,0
5199,0,0
5202,0,0
5205,0,0
5208,0,0
5211,0,0
5214,0,0
5217,0,0
5220,0,0
5223,0,0
5226,0,0
5229,0,0
5232,0,0
5235,0,0
5238,0,0
5241,0,0
5244,0,0
5247,0,0
5250,0,0
5253,0,0
5256,0.0017151,0.00162935
5259,0.0196433,0.0131304
5262,0.0418966,0.0369968
5265,0.0540603,0.0498559
5268,0.0592461,0.0476062
5271,0.0633033,0.0586933
5274,0.0654469,0.0619692
5277,0.0679144,0.0644859
5280,0.0693578,0.0658899
5283,0.0700253,0.066524
5286,0.0707829,0.0672438
5289,0.0832288,0.0778129
5292,0.108404,0.102554
5295,0.127368,0.118942
5298,0.140316,0.133276
5301,0.147221,0.139713
5304,0.152972,0.144338
5307,0.156921,0.146438
5310,0.159616,0.114501
5313,0.162212,0.126699
5316,0.160812,0.118051
5319,0.157407,0.108129
5322,0.155437,0.106539
5325,0.152802,0.0886956
5328,0.15972,0.0848688
5331,0.172178,0.107052
5334,0.184743,0.106453
5337,0.190187,0.119838
5340,0.193227,0.119098
5343,0.19681,0.115594
5346,0.20114,0.128906
5349,0.203469,0.103001
5352,0.216048,0.106921
5355,0.236133,0.123812
5358,0.255742,0.16501
5361,0.271958,0.169812
5364,0.273523,0.180022
5367,0.273949,0.146805
5370,0.273673,0.161807
5373,0.276674,0.150541
5376,0.281043,0.153581
5379,0.282742,0.154186
5382,0.28539,0.136288
5385,0.291667,0.14284
5388,0.30712,0.158633
5391,0.318195,0.178349
5394,0.322898,0.181864
5397,0.322439,0.178063
5400,0.320225,0.158976
5403,0.3192,0.121775
5406,0.317358,0.11198
5409,0.320217,0.104647
5412,0.322164,0.107584
5415,0.32476,0.114191
5418,0.337487,0.13025
5421,0.352837,0.151504
5424,0.362745,0.150668
5427,0.36876,0.11751
5430,0.375448,0.112291
5433,0.384051,0.133021
5436,0.390595,0.142305
5439,0.404475,0.165527
5442,0.417594,0.16864
5445,0.425025,0.20008
5448,0.433235,0.171546
5451,0.436761,0.180232
5454,0.435995,0.177759
5457,0.436066,0.167237
5460,0.433388,0.169359
5463,0.431443,0.162162
5466,0.430288,0.160804
5469,0.425961,0.164422
5472,0.420211,0.130217
5475,0.419847,0.13525
5478,0.42406,0.11643
5481,0.432001,0.121346
5484,0.443022,0.124046
5487,0.454049,0.130576
5490,0.466866,0.122505
5493,0.479954,0.109305
5496,0.492438,0.161998
5499,0.504109,0.144327
5502,0.512654,0.132341
5505,0.521477,0.139989
5508,0.531093,0.136469
5511,0.53735,0.138496
5514,0.539288,0.134856
5517,0.543565,0.141853
5520,0.555696,0.132105
5523,0.567294,0.12007
5526,0.578603,0.113913
5529,0.595269,0.120155
5532,0.609682,0.130612
5535,0.623482,0.162432
5538,0.63398,0.12498
5541,0.644973,0.13803
5544,0.652146,0.16794
5547,0.658881,0.190713
5550,0.659907,0.141665
5553,0.666603,0.153101
5556,0.671423,0.172154
5559,0.676051,0.145942
5562,0.680508,0.144654
5565,0.688388,0.155498
5568,0.695503,0.162207
5571,0.695671,0.235743
5574,0.705982,0.197303
5577,0.713246,0.214509
5580,0.721453,0.195236
5583,0.725057,0.127256
5586,0.728336,0.123397
5589,0.730743,0.134199
5592,0.731187,0.132874
5595,0.728536,0.163283
5598,0.726422,0.163786
5601,0.724434,0.132051
5604,0.726443,0.115412
5607,0.730982,0.0969836
5610,0.73712,0.116546
5613,0.737646,0.102314
5616,0.735759,0.116219
5619,0.735119,0.153319
5622,0.734666,0.137398
5625,0.735614,0.151317
5628,0.734517,0.131837
5631,0.732447,0.105013
5634,0.730395,0.107984
5637,0.731699,0.106754
5640,0.730832,0.117404
5643,0.729224,0.138315
5646,0.730093,0.161937
5649,0.731139,0.104382
5652,0.727768,0.162163
5655,0.720164,0.137229
5658,0.716504,0.124803
5661,0.716286,0.130926
5664,0.717363,0.114052
5667,0.718638,0.118646
5670,0.720011,0.160527
5673,0.720609,0.104719
5676,0.720932,0.0804922
5679,0.719461,0.0956081
5682,0.721379,0.0665794
5685,0.724749,0.0702709
5688,0.726508,0.0922694
5691,0.724789,0.0672691
5694,0.723393,0.115888
5697,0.7232,0.118474
5700,0.723858,0.0949106
5703,0.724142,0.0626776
5706,0.727535,0.108467
5709,0.732452,0.0800481
5712,0.760095,0.0804818
5715,0.777213,0.0877798
5718,0.803769,0.0840374
5721,0.849979,0.167461
5724,0.85125,0.169342
5727,0.852802,0.114874
5730,0.855319,0.112041
5733,0.85735,0.133595
5736,0.862917,0.112835
169106492