Frame_Num,Queue_Density,Dynamic_Density
3,0.117159,0.0876222
6,0.0950321,0.088208
9,0.0998299,0.0907825
12,0.0989717,0.0891561
15,0.10247,0.0903257
18,0.104808,0.0729285
21,0.105677,0.0919375
24,0.109912,0.0892826
27,0.116647,0.0781465
30,0.121175,0.0790869
33,0.122811,0.0810189
36,0.123963,0.0841345
39,0.124774,0.0721051
42,0.125709,0.0609185
45,0.126234,0.0791616
48,0.12666,0.0602487
51,0.126864,0.0604225
54,0.130262,0.0575171
57,0.131945,0.0667981
60,0.132367,0.049558
63,0.131979,0.035183
66,0.132341,0.0295425
69,0.135202,0.0345688
72,0.138478,0.0360586
75,0.14231,0.0408719
78,0.146324,0.0510187
81,0.15603,0.0724813
84,0.166728,0.0654807
87,0.180836,0.0835935
90,0.193709,0.0968807
93,0.19974,0.100317
96,0.198263,0.143413
99,0.200996,0.109957
102,0.202684,0.0997322
105,0.202485,0.106009
108,0.209323,0.106848
111,0.217835,0.102375
114,0.227668,0.118185
117,0.233471,0.108537
120,0.232657,0.11673
123,0.232537,0.106283
126,0.23293,0.108098
129,0.235731,0.11415
132,0.240379,0.121567
135,0.242671,0.12144
138,0.245543,0.121873
141,0.249125,0.119201
144,0.248154,0.136644
147,0.248197,0.114216
150,0.244962,0.101558
153,0.242356,0.0848944
156,0.240181,0.102682
159,0.235145,0.0975201
162,0.23113,0.106044
165,0.227197,0.0952489
168,0.226737,0.0861098
171,0.219493,0.0989601
174,0.217919,0.0931041
177,0.21616,0.0941142
180,0.218073,0.0826417
183,0.217162,0.080031
186,0.216038,0.0642373
189,0.2147,0.0794355
192,0.214633,0.0620693
195,0.212866,0.0734906
198,0.212987,0.0567058
201,0.212593,0.0419774
204,0.213169,0.0487962
207,0.213078,0.0426423
210,0.21299,0.0492466
213,0.213212,0.0407189
216,0.212614,0.0468179
219,0.212443,0.0804217
222,0.21295,0.0557741
225,0.21351,0.0595043
228,0.212989,0.0565028
231,0.21406,0.032564
234,0.214899,0.0397686
237,0.214339,0.0326649
240,0.212912,0.0266135
243,0.214973,0.0308859
246,0.210591,0.107176
249,0.211865,0.0602569
252,0.211514,0.0650396
255,0.212858,0.0438175
258,0.213927,0.0613104
261,0.213899,0.0666299
264,0.214249,0.0497016
267,0.21498,0.0353408
270,0.213496,0.0988864
273,0.211459,0.0625054
276,0.213659,0.0462368
279,0.215849,0.0582468
282,0.219691,0.0602139
285,0.223586,0.0547884
288,0.222961,0.0439956
291,0.218822,0.0627998
294,0.215697,0.0781058
297,0.211625,0.0621687
300,0.208945,0.101071
303,0.208012,0.0737411
306,0.208545,0.0649798
309,0.209314,0.0567938
312,0.211369,0.0289885
315,0.212874,0.0347539
318,0.213552,0.0264245
321,0.211528,0.0855517
324,0.212296,0.0529182
327,0.211916,0.0540647
330,0.21212,0.0664556
333,0.211795,0.0357067
336,0.211531,0.0400781
339,0.211959,0.0383018
342,0.217285,0.035611
345,0.221119,0.0750734
348,0.22337,0.0739158
351,0.222986,0.044912
354,0.222321,0.0725953
357,0.222872,0.073818
360,0.223338,0.0638452
363,0.223558,0.0498933
366,0.223643,0.0519455
369,0.2225,0.0680947
372,0.222741,0.0710193
375,0.22276,0.0517082
378,0.222055,0.0560838
381,0.221346,0.0526089
384,0.226174,0.0505532
387,0.230196,0.0466801
390,0.234883,0.0622834
393,0.238078,0.0614774
396,0.239003,0.122457
399,0.240616,0.0706418
402,0.241564,0.0737588
405,0.245602,0.0540724
408,0.257005,0.0606079
411,0.268188,0.078784
414,0.282536,0.0977226
417,0.296194,0.108492
420,0.303126,0.165516
423,0.313618,0.127624
426,0.328367,0.140327
429,0.340006,0.147638
432,0.352358,0.16828
435,0.362072,0.169096
438,0.368358,0.174453
441,0.372186,0.180932
444,0.369334,0.195016
447,0.370629,0.188736
450,0.380468,0.188091
453,0.386901,0.192753
456,0.390448,0.191101
459,0.393327,0.198619
462,0.394591,0.200517
465,0.395573,0.190198
468,0.395596,0.193266
471,0.395274,0.212811
474,0.397974,0.194286
477,0.397571,0.177276
480,0.396774,0.168346
483,0.396852,0.166467
486,0.397624,0.157513
489,0.3989,0.13045
492,0.3998,0.160894
495,0.396661,0.175913
498,0.399313,0.183076
501,0.411268,0.1542
504,0.425262,0.0988664
507,0.4399,0.115041
510,0.45398,0.118442
513,0.463959,0.12223
516,0.469213,0.139089
519,0.474481,0.16806
522,0.482555,0.152735
525,0.486632,0.108908
528,0.489244,0.139936
531,0.493052,0.142789
534,0.494591,0.142056
537,0.497203,0.138039
540,0.499291,0.129634
543,0.499854,0.105474
546,0.496514,0.138873
549,0.49564,0.125678
552,0.493132,0.121958
555,0.49163,0.135076
558,0.490285,0.120312
561,0.489063,0.123227
564,0.485714,0.128972
567,0.48087,0.121016
570,0.481042,0.178175
573,0.48597,0.125838
576,0.493491,0.0983121
579,0.500161,0.110324
582,0.508604,0.136032
585,0.515232,0.120931
588,0.521449,0.114215
591,0.526657,0.0995652
594,0.532168,0.137786
597,0.542926,0.138746
600,0.549908,0.135133
603,0.558551,0.127938
606,0.566899,0.143158
609,0.578496,0.125865
612,0.586578,0.133188
615,0.594452,0.135184
618,0.599246,0.129526
621,0.604948,0.14223
624,0.610177,0.14821
627,0.614525,0.144145
630,0.617497,0.150086
633,0.621561,0.111607
636,0.623367,0.112129
639,0.622711,0.0945039
642,0.619903,0.100466
645,0.619477,0.18748
648,0.621015,0.134035
651,0.623557,0.134452
654,0.624897,0.140861
657,0.627142,0.137031
660,0.627938,0.142085
663,0.62964,0.133993
666,0.632295,0.12515
669,0.630689,0.198873
672,0.627994,0.149242
675,0.630285,0.147412
678,0.632107,0.136692
681,0.634024,0.155321
684,0.635587,0.134246
687,0.637432,0.151869
690,0.639444,0.137529
693,0.641308,0.0927522
696,0.640147,0.209394
699,0.640718,0.160229
702,0.64198,0.136508
705,0.643904,0.134307
708,0.644912,0.109812
711,0.646159,0.116902
714,0.647209,0.104984
717,0.647692,0.0959839
720,0.643989,0.208742
723,0.643449,0.121067
726,0.643242,0.127281
729,0.64378,0.0769602
732,0.646928,0.0791422
735,0.648141,0.105383
738,0.650638,0.0961257
741,0.652796,0.103039
744,0.650228,0.187245
747,0.649202,0.114762
750,0.649615,0.158805
753,0.648559,0.145068
756,0.651214,0.152962
759,0.650366,0.130606
762,0.65292,0.14037
765,0.652017,0.131033
768,0.653232,0.118756
771,0.653402,0.232308
774,0.650434,0.155737
777,0.651244,0.125264
780,0.652355,0.127068
783,0.65827,0.0907071
786,0.658557,0.078637
789,0.664229,0.0811754
792,0.67177,0.106539
795,0.672605,0.199223
798,0.680233,0.133255
801,0.681449,0.127735
804,0.680406,0.132839
807,0.685358,0.124152
810,0.685354,0.121311
813,0.689406,0.137008
816,0.693468,0.127989
819,0.69525,0.181959
822,0.697437,0.116131
825,0.700208,0.120487
828,0.702304,0.113054
831,0.705959,0.108135
834,0.704569,0.093765
837,0.70246,0.111748
840,0.704119,0.125559
843,0.70399,0.106771
846,0.704588,0.20605
849,0.706138,0.115272
852,0.706465,0.0940276
855,0.707582,0.0992787
858,0.702965,0.0887268
861,0.703374,0.0901193
864,0.701355,0.100214
867,0.703545,0.0815621
870,0.699548,0.170793
873,0.697836,0.142287
876,0.699639,0.13078
879,0.701189,0.127145
882,0.706408,0.13011
885,0.705172,0.0984989
888,0.706064,0.102301
891,0.706783,0.0943698
894,0.709116,0.0661745
897,0.710544,0.103282
900,0.710975,0.0757989
903,0.713432,0.0959922
906,0.707921,0.193748
909,0.709713,0.0930923
912,0.71064,0.0793427
915,0.710085,0.0843117
918,0.70462,0.0720395
921,0.703778,0.0706118
924,0.705383,0.0778706
927,0.707422,0.0895654
930,0.704044,0.175989
933,0.704126,0.131445
936,0.707834,0.0853489
939,0.712087,0.0937128
942,0.71272,0.0913093
945,0.712615,0.0833098
948,0.713775,0.0822243
951,0.71447,0.104711
954,0.715305,0.164656
957,0.715326,0.137609
960,0.717302,0.089039
963,0.718165,0.109394
966,0.718906,0.11048
969,0.718666,0.0794368
972,0.72277,0.0795491
975,0.724199,0.0865663
978,0.724779,0.0914281
981,0.719144,0.179951
984,0.717379,0.100535
987,0.718168,0.112613
990,0.714893,0.083639
993,0.712835,0.0798065
996,0.713125,0.0746834
999,0.712116,0.076853
1002,0.717055,0.0876165
1005,0.711413,0.178078
1008,0.709007,0.110215
1011,0.707944,0.112369
1014,0.710089,0.112017
1017,0.710476,0.113726
1020,0.710382,0.113701
1023,0.707936,0.0960797
1026,0.707802,0.0903204
1029,0.707689,0.0858609
1032,0.707779,0.0860399
1035,0.706049,0.16694
1038,0.702765,0.0967132
1041,0.703867,0.0837082
1044,0.704697,0.0842608
1047,0.703714,0.0914908
1050,0.70368,0.0826188
1053,0.703626,0.0595165
1056,0.703111,0.0861222
1059,0.703265,0.080231
1062,0.6968,0.188595
1065,0.696249,0.103137
1068,0.695411,0.106592
1071,0.696445,0.0937689
1074,0.69735,0.103945
1077,0.698048,0.0892885
1080,0.697872,0.0717391
1083,0.698282,0.0936644
1086,0.701721,0.113559
1089,0.70588,0.0843783
1092,0.707867,0.0758773
1095,0.70837,0.0855135
1098,0.708818,0.0907384
1101,0.70899,0.071133
1104,0.708708,0.0817606
1107,0.707907,0.0745083
1110,0.707439,0.123446
1113,0.706702,0.100478
1116,0.707695,0.0783761
1119,0.70388,0.0806751
1122,0.703886,0.0792513
1125,0.705206,0.0739022
1128,0.705371,0.0567329
1131,0.706451,0.0839068
1134,0.70674,0.0567486
1137,0.707864,0.164962
1140,0.708008,0.0759909
1143,0.710567,0.0668994
1146,0.710754,0.0533158
1149,0.71047,0.0627495
1152,0.707334,0.0623537
1155,0.705409,0.0608476
1158,0.705618,0.0582808
1161,0.702234,0.146075
1164,0.700637,0.09208
1167,0.700504,0.0749446
1170,0.699797,0.0866904
1173,0.701431,0.0739636
1176,0.701274,0.075603
1179,0.700423,0.0724288
1182,0.700508,0.0809416
1185,0.700197,0.106942
1188,0.701636,0.0815346
1191,0.704438,0.111372
1194,0.70715,0.0805536
1197,0.707743,0.0898881
1200,0.709231,0.0663012
1203,0.710483,0.0666761
1206,0.711245,0.0805393
1209,0.713053,0.0640975
1212,0.724411,0.208207
1215,0.724599,0.0817397
1218,0.724981,0.0814118
1221,0.725845,0.0947016
1224,0.725952,0.108361
1227,0.724651,0.0722955
1230,0.724691,0.061489
1233,0.723879,0.052937
1236,0.726421,0.127308
1239,0.732704,0.0803747
1242,0.737486,0.0812394
1245,0.735825,0.0725881
1248,0.735847,0.0794041
1251,0.731562,0.104711
1254,0.730187,0.0591038
1257,0.731463,0.0931707
1260,0.725832,0.128575
1263,0.719747,0.12337
1266,0.718256,0.133994
1269,0.718556,0.115005
1272,0.716866,0.115808
1275,0.714154,0.0734633
1278,0.71228,0.106752
1281,0.709779,0.075859
1284,0.705324,0.0764037
1287,0.706609,0.179131
1290,0.705069,0.111134
1293,0.705441,0.0922811
1296,0.706763,0.097173
1299,0.70437,0.105584
1302,0.703995,0.0764821
1305,0.705815,0.0852796
1308,0.704208,0.0857825
1311,0.702581,0.185686
1314,0.699372,0.116721
1317,0.697503,0.106518
1320,0.701024,0.107999
1323,0.702396,0.0980299
1326,0.703388,0.111837
1329,0.70224,0.0791664
1332,0.701405,0.0779503
1335,0.699521,0.145933
1338,0.696887,0.130835
1341,0.693689,0.0946324
1344,0.693028,0.0807979
1347,0.693528,0.109689
1350,0.694853,0.0882696
1353,0.695864,0.0749525
1356,0.697383,0.0798117
1359,0.698326,0.0751079
1362,0.700118,0.201491
1365,0.701286,0.100384
1368,0.699902,0.0928911
1371,0.700741,0.0883663
1374,0.702293,0.0993793
1377,0.702157,0.097851
1380,0.702334,0.0860085
1383,0.702788,0.0823968
1386,0.701392,0.206111
1389,0.701888,0.137484
1392,0.70323,0.114268
1395,0.70385,0.10274
1398,0.704955,0.0956499
1401,0.704459,0.0923647
1404,0.704237,0.0897875
1407,0.703034,0.0892715
1410,0.702389,0.183462
1413,0.702588,0.116441
1416,0.702457,0.118224
1419,0.702632,0.131249
1422,0.704911,0.121214
1425,0.708659,0.119816
1428,0.711996,0.124713
1431,0.718078,0.198552
1434,0.723232,0.168216
1437,0.727459,0.238028
1440,0.733677,0.230445
1443,0.740565,0.232926
1446,0.749001,0.279276
1449,0.753253,0.272637
1452,0.758771,0.312371
1455,0.76735,0.310929
1458,0.77288,0.303695
1461,0.777584,0.370777
1464,0.781496,0.309264
1467,0.787158,0.398889
1470,0.793032,0.405251
1473,0.801737,0.442605
1476,0.806276,0.439723
1479,0.813443,0.400507
1482,0.818319,0.468803
1485,0.823845,0.431997
1488,0.82887,0.461906
1491,0.834787,0.429524
1494,0.837626,0.473459
1497,0.839645,0.482115
1500,0.840187,0.517376
1503,0.837747,0.53104
1506,0.837923,0.558957
1509,0.836023,0.511123
1512,0.831047,0.544346
1515,0.829405,0.552148
1518,0.811856,0.532528
1521,0.79387,0.523777
1524,0.769169,0.559763
1527,0.756658,0.549537
1530,0.754011,0.5532
1533,0.747647,0.539963
1536,0.743725,0.555323
1539,0.744957,0.552279
1542,0.748446,0.565025
1545,0.750984,0.571846
1548,0.748285,0.576591
1551,0.719871,0.575468
1554,0.714014,0.559509
1557,0.711415,0.597499
1560,0.699817,0.59768
1563,0.692414,0.598539
1566,0.69234,0.601004
1569,0.688337,0.609488
1572,0.688794,0.615058
1575,0.687322,0.582973
1578,0.687919,0.574337
1581,0.691956,0.601252
1584,0.690267,0.575749
1587,0.687203,0.561135
1590,0.698783,0.566234
1593,0.707576,0.626926
1596,0.719024,0.638518
1599,0.731551,0.626388
1602,0.735431,0.656354
1605,0.737241,0.646124
1608,0.746514,0.647463
1611,0.740481,0.634476
1614,0.728679,0.665341
1617,0.710073,0.652494
1620,0.690299,0.620044
1623,0.685461,0.625811
1626,0.684679,0.625563
1629,0.678206,0.626572
1632,0.6873,0.569415
1635,0.683794,0.625734
1638,0.675019,0.579211
1641,0.674968,0.629212
1644,0.672844,0.599448
1647,0.659293,0.57844
1650,0.64813,0.569507
1653,0.644654,0.58523
1656,0.640359,0.531943
1659,0.64117,0.544042
1662,0.638905,0.575794
1665,0.638742,0.572377
1668,0.636265,0.58723
1671,0.639817,0.536869
1674,0.638116,0.543411
1677,0.632188,0.51796
1680,0.631956,0.566383
1683,0.637442,0.552526
1686,0.632657,0.541151
1689,0.635583,0.526968
1692,0.65368,0.54261
1695,0.669868,0.573195
1698,0.688101,0.600914
1701,0.702088,0.61056
1704,0.707462,0.610729
1707,0.707693,0.598234
1710,0.689203,0.586429
1713,0.676466,0.572946
1716,0.668921,0.57204
1719,0.652396,0.556897
1722,0.634008,0.550425
1725,0.62167,0.504107
1728,0.61447,0.518865
1731,0.589223,0.508478
1734,0.576166,0.50164
1737,0.549466,0.478083
1740,0.52842,0.480404
1743,0.503281,0.456365
1746,0.482951,0.424443
1749,0.465876,0.434311
1752,0.454925,0.406831
1755,0.447996,0.372568
1758,0.440681,0.398505
1761,0.433073,0.408082
1764,0.426389,0.40507
1767,0.428551,0.380194
1770,0.431145,0.398594
1773,0.440706,0.397201
1776,0.440276,0.416617
1779,0.431476,0.409902
1782,0.426893,0.405549
1785,0.417588,0.393141
1788,0.401199,0.370801
1791,0.383927,0.352778
1794,0.367125,0.344507
1797,0.362401,0.319202
1800,0.369856,0.351363
1803,0.364124,0.345508
1806,0.363427,0.343685
1809,0.359976,0.341977
1812,0.345569,0.308766
1815,0.349569,0.329411
1818,0.34062,0.301847
1821,0.343992,0.326793
1824,0.348921,0.331475
1827,0.351234,0.333672
1830,0.353115,0.325469
1833,0.345727,0.328441
1836,0.33451,0.317785
1839,0.321928,0.305832
1842,0.30878,0.293341
1845,0.296828,0.281986
1848,0.276667,0.262834
1851,0.249018,0.236567
1854,0.235857,0.223489
1857,0.24056,0.227187
1860,0.23624,0.224428
1863,0.227513,0.2154
1866,0.219887,0.208893
1869,0.222074,0.21097
1872,0.222586,0.202143
1875,0.216876,0.201412
1878,0.226433,0.196298
1881,0.243286,0.231122
1884,0.258788,0.242635
1887,0.266945,0.247027
1890,0.283747,0.254246
1893,0.300535,0.285508
1896,0.313376,0.289988
1899,0.340102,0.317392
1902,0.382408,0.34823
1905,0.405449,0.371667
1908,0.413447,0.356073
1911,0.409279,0.380473
1914,0.416319,0.385695
1917,0.410906,0.388751
1920,0.394372,0.369478
1923,0.372071,0.344037
1926,0.343474,0.3263
1929,0.324426,0.308205
1932,0.307734,0.292347
1935,0.297477,0.272583
1938,0.279758,0.26577
1941,0.272601,0.258971
1944,0.26117,0.244806
1947,0.239583,0.225233
1950,0.216637,0.187196
1953,0.184186,0.174723
1956,0.162933,0.154787
1959,0.142862,0.135493
1962,0.12349,0.0902566
1965,0.105673,0.0955036
1968,0.0889959,0.0809555
1971,0.0739297,0.0702332
1974,0.0600743,0.0558254
1977,0.0499953,0.0449019
1980,0.0386336,0.0184441
1983,0.0257592,0.0229147
1986,0.0191522,0.0153355
1989,0.0190542,0.0180399
1992,0.021442,0.0203699
1995,0.020691,0.0196564
1998,0.0211573,0.0198491
2001,0.0297106,0.0282251
2004,0.0613583,0.0488834
2007,0.100124,0.0718632
2010,0.143008,0.116484
2013,0.18198,0.155777
2016,0.222259,0.17652
2019,0.250867,0.210987
2022,0.264631,0.227714
2025,0.288997,0.25181
2028,0.30759,0.279657
2031,0.319963,0.294849
2034,0.319758,0.274801
2037,0.307317,0.278328
2040,0.296057,0.268689
2043,0.275798,0.262008
2046,0.257114,0.239798
2049,0.241837,0.221381
2052,0.225279,0.21398
2055,0.204196,0.193987
2058,0.180842,0.171797
2061,0.150698,0.135046
2064,0.12929,0.122594
2067,0.114523,0.0995623
2070,0.100859,0.084678
2073,0.0848747,0.0755329
2076,0.0709031,0.065684
2079,0.0638729,0.0576583
2082,0.0511252,0.0388806
2085,0.0393729,0.0210208
2088,0.0288968,0.0264684
2091,0.0243249,0.0207978
2094,0.0265691,0.0250647
2097,0.0273515,0.0242025
2100,0.0341753,0.0324666
2103,0.0501285,0.045697
2106,0.0712166,0.0623671
2109,0.0953599,0.0885511
2112,0.122945,0.107563
2115,0.149934,0.128203
2118,0.175904,0.155828
2121,0.207466,0.187804
2124,0.238659,0.200648
2127,0.269362,0.211235
2130,0.288678,0.225429
2133,0.29902,0.223066
2136,0.309048,0.224446
2139,0.310525,0.238944
2142,0.316975,0.217982
2145,0.317995,0.235139
2148,0.308763,0.240833
2151,0.299324,0.238574
2154,0.290889,0.250022
2157,0.302066,0.26621
2160,0.308865,0.25777
2163,0.309253,0.264763
2166,0.309325,0.265597
2169,0.304887,0.268774
2172,0.292418,0.262843
2175,0.271464,0.245145
2178,0.240314,0.170593
2181,0.211714,0.189692
2184,0.186535,0.163085
2187,0.159535,0.151422
2190,0.132788,0.126148
2193,0.106621,0.10129
2196,0.0850759,0.0808221
2199,0.0662698,0.0629563
2202,0.0508182,0.0478824
2205,0.0400234,0.0380222
2208,0.0337691,0.0320806
2211,0.0264332,0.0251116
2214,0.0185761,0.0176473
2217,0.0142512,0.0135386
2220,0.0122317,0.0116201
2223,0.0110208,0.0104698
2226,0.0116987,0.0111138
2229,0.0121847,0.0115754
2232,0.0137378,0.012825
2235,0.0124342,0.0118125
2238,0.0128535,0.0121176
2241,0.0127633,0.0117695
2244,0.0136451,0.0129628
2247,0.0134609,0.0125571
2250,0.0135001,0.0128251
2253,0.0149252,0.0141789
2256,0.0173639,0.0164957
2259,0.0182195,0.0173086
2262,0.0177532,0.0162167
2265,0.01913,0.018042
2268,0.0351067,0.0333514
2271,0.0561347,0.046347
2274,0.0734646,0.0668002
2277,0.0847441,0.0805069
2280,0.0915196,0.0860699
2283,0.0985354,0.0936087
2286,0.100364,0.095346
2289,0.102794,0.0976541
2292,0.102077,0.0969728
2295,0.101016,0.0959652
2298,0.104506,0.0992669
2301,0.113757,0.108069
2304,0.11449,0.10736
2307,0.117002,0.111152
2310,0.121775,0.115686
2313,0.126159,0.119851
2316,0.120258,0.114245
2319,0.110434,0.104912
2322,0.103214,0.0980537
2325,0.0924522,0.0878296
2328,0.0831701,0.0790115
2331,0.0769327,0.0730861
2334,0.0700344,0.0665327
2337,0.0610475,0.0579951
2340,0.0545084,0.051783
2343,0.0430043,0.0408541
2346,0.0363502,0.0345327
2349,0.0353732,0.0336045
2352,0.0346587,0.0329257
2355,0.0304774,0.0289535
2358,0.0274116,0.026041
2361,0.022892,0.0217474
2364,0.0204193,0.0193983
2367,0.0186937,0.017759
2370,0.0189132,0.0179675
2373,0.0202873,0.019273
2376,0.0196943,0.0187096
2379,0.0182169,0.0173061
2382,0.0191143,0.0181586
2385,0.0418234,0.0386246
2388,0.0676048,0.0625551
2391,0.0759557,0.0715613
2394,0.0776146,0.0737339
2397,0.0775976,0.0737177
2400,0.0756435,0.0718613
2403,0.0750178,0.0712669
2406,0.076196,0.0723862
2409,0.0771012,0.0732462
2412,0.0792343,0.0749193
2415,0.0800298,0.0757805
2418,0.072114,0.0685083
2421,0.0592984,0.0563335
2424,0.0500397,0.0475377
2427,0.0369629,0.0351147
2430,0.0227783,0.0216394
2433,0.0212801,0.0202161
2436,0.0354333,0.0335483
2439,0.0431179,0.0380384
2442,0.0483089,0.0457593
2445,0.0509998,0.0484498
2448,0.0537573,0.0499985
2451,0.0557389,0.0528445
2454,0.0556291,0.0528477
2457,0.0540852,0.0488555
2460,0.0588908,0.0527316
2463,0.0632798,0.0601158
2466,0.0630761,0.0599223
2469,0.0538161,0.0511253
2472,0.0440597,0.0418567
2475,0.0353026,0.0330078
2478,0.0343961,0.0326763
2481,0.0314126,0.0294104
2484,0.027136,0.025554
2487,0.0234524,0.0222797
2490,0.0248683,0.0234869
2493,0.0254862,0.0242119
2496,0.0261458,0.023538
2499,0.0276088,0.0260142
2502,0.0285284,0.027102
2505,0.0296453,0.0279404
2508,0.0379373,0.0355297
2511,0.059975,0.052894
2514,0.0816378,0.0768517
2517,0.0873357,0.0815084
2520,0.0890168,0.084566
2523,0.0899821,0.085483
2526,0.089299,0.0838259
2529,0.0898646,0.0850504
2532,0.091163,0.0866048
2535,0.0934411,0.0879081
2538,0.0947199,0.0899839
2541,0.0948361,0.0900943
2544,0.0964755,0.0916192
2547,0.0970894,0.0922349
2550,0.0977857,0.0928964
2553,0.0981292,0.0932227
2556,0.0905778,0.0860489
2559,0.080423,0.0764019
2562,0.0688,0.06536
2565,0.0525046,0.049818
2568,0.0361073,0.0243065
2571,0.0228188,0.0216779
2574,0.013841,0.0131489
2577,0.00945853,0.00898561
2580,0.00727449,0.00623896
2583,0.0066488,0.00631636
2586,0.0065443,0.00621708
2589,0.00646331,0.00612127
2592,0.00649727,0.00617241
2595,0.00629611,0.0059813
2598,0.006253,0.00594035
2601,0.00637971,0.00606072
2604,0.00661875,0.00588784
2607,0.00668537,0.0063511
2610,0.00681338,0.00633086
2613,0.00689176,0.00572025
2616,0.00694923,0.00608796
2619,0.00680293,0.00646279
2622,0.00689045,0.00636933
2625,0.015479,0.0144272
2628,0.0338383,0.0321464
2631,0.0441485,0.0418222
2634,0.0485284,0.0451302
2637,0.0579464,0.0550491
2640,0.0840936,0.0776313
2643,0.116043,0.110241
2646,0.145244,0.13601
2649,0.16552,0.15661
2652,0.178163,0.168297
2655,0.184808,0.175567
2658,0.193104,0.182757
2661,0.202029,0.191928
2664,0.201772,0.191683
2667,0.200188,0.190178
2670,0.202437,0.190953
2673,0.202024,0.191923
2676,0.204301,0.186064
2679,0.196393,0.186573
2682,0.189512,0.180036
2685,0.179849,0.170857
2688,0.169365,0.13814
2691,0.16061,0.136773
2694,0.152593,0.144964
2697,0.138176,0.131267
2700,0.124636,0.118404
2703,0.111845,0.0917812
2706,0.0975244,0.0926482
2709,0.0855161,0.0812403
2712,0.0689803,0.0655313
2715,0.0583226,0.0554065
2718,0.0583514,0.0554338
2721,0.0597451,0.0567579
2724,0.0600939,0.0567425
2727,0.0650041,0.0617539
2730,0.0808136,0.0767729
2733,0.0936004,0.0889204
2736,0.0991637,0.0890992
2739,0.105764,0.100476
2742,0.110613,0.0956268
2745,0.112028,0.0996288
2748,0.119855,0.11006
2751,0.122164,0.108191
2754,0.124862,0.118404
2757,0.125367,0.114152
2760,0.125921,0.105108
2763,0.124687,0.0863907
2766,0.126949,0.086427
2769,0.129106,0.0822872
2772,0.131608,0.0832932
2775,0.134434,0.0983176
2778,0.13791,0.101956
2781,0.141733,0.110256
2784,0.142892,0.114808
2787,0.140791,0.118961
2790,0.141779,0.113165
2793,0.142471,0.112975
2796,0.139925,0.111494
2799,0.141353,0.102701
2802,0.142423,0.0893469
2805,0.14289,0.0807363
2808,0.143205,0.0619243
2811,0.140188,0.0817074
2814,0.143054,0.0442355
2817,0.144583,0.0589965
2820,0.144978,0.04388
2823,0.144999,0.0470129
2826,0.144314,0.0350812
2829,0.144496,0.0409663
2832,0.145777,0.0444456
2835,0.146049,0.0556573
2838,0.146143,0.0534862
2841,0.146355,0.052176
2844,0.145094,0.0385025
2847,0.144599,0.04961
2850,0.145722,0.0438272
2853,0.147983,0.0462402
2856,0.148263,0.0343011
2859,0.146996,0.0316282
2862,0.14444,0.0655886
2865,0.145479,0.0347383
2868,0.146924,0.0445496
2871,0.149476,0.0445757
2874,0.149358,0.0335
2877,0.149298,0.0448889
2880,0.153894,0.038524
2883,0.158819,0.0579277
2886,0.161216,0.0712754
2889,0.16392,0.0643506
2892,0.16473,0.0616472
2895,0.163602,0.0494507
2898,0.164074,0.0465806
2901,0.164919,0.0497359
2904,0.163696,0.0502974
2907,0.163277,0.0488803
2910,0.162785,0.0669286
2913,0.160517,0.0487744
2916,0.161273,0.048163
2919,0.160935,0.0539196
2922,0.163466,0.0525254
2925,0.163095,0.0530465
2928,0.16206,0.0579047
2931,0.164706,0.0585094
2934,0.169632,0.0632119
2937,0.166463,0.0837709
2940,0.16723,0.0557805
2943,0.176935,0.0656693
2946,0.188309,0.0822124
2949,0.199674,0.0863794
2952,0.211427,0.0890461
2955,0.219088,0.0984263
2958,0.231511,0.101526
2961,0.243208,0.114734
2964,0.25574,0.123086
2967,0.267964,0.14124
2970,0.280006,0.136655
2973,0.292701,0.152092
2976,0.303021,0.153619
2979,0.310767,0.146245
2982,0.320148,0.157616
2985,0.32958,0.180274
2988,0.340021,0.190047
2991,0.353932,0.188682
2994,0.370431,0.197136
2997,0.388217,0.207901
3000,0.405052,0.20984
3003,0.418554,0.207941
3006,0.430121,0.216938
3009,0.449531,0.241637
3012,0.461253,0.260102
3015,0.487384,0.228975
3018,0.515863,0.198573
3021,0.533554,0.187251
3024,0.540439,0.18497
3027,0.543429,0.184443
3030,0.547223,0.175765
3033,0.549209,0.174855
3036,0.551875,0.175257
3039,0.553134,0.165806
3042,0.541963,0.163058
3045,0.541418,0.15693
3048,0.539989,0.173259
3051,0.537732,0.158836
3054,0.537357,0.171997
3057,0.542669,0.161448
3060,0.552684,0.190337
3063,0.563344,0.177636
3066,0.572729,0.199037
3069,0.580795,0.181521
3072,0.584542,0.178817
3075,0.583553,0.168519
3078,0.587157,0.158938
3081,0.595041,0.148335
3084,0.606694,0.153278
3087,0.608309,0.186495
3090,0.624259,0.18604
3093,0.633107,0.171479
3096,0.633987,0.17087
3099,0.629973,0.169192
3102,0.627746,0.168102
3105,0.622109,0.163654
3108,0.618217,0.152365
3111,0.616281,0.166892
3114,0.616393,0.152111
3117,0.61531,0.140527
3120,0.613875,0.136893
3123,0.612478,0.125081
3126,0.613923,0.12457
3129,0.616968,0.120305
3132,0.619516,0.131107
3135,0.619169,0.109895
3138,0.618976,0.0954899
3141,0.625627,0.105708
3144,0.631126,0.0988189
3147,0.634204,0.101344
3150,0.638976,0.105813
3153,0.640517,0.0926103
3156,0.64108,0.105515
3159,0.641434,0.112564
3162,0.640465,0.153489
3165,0.641583,0.134094
3168,0.642535,0.0959086
3171,0.642872,0.10788
3174,0.642188,0.109444
3177,0.642172,0.100722
3180,0.647296,0.0812616
3183,0.654206,0.0959817
3186,0.660846,0.138921
3189,0.667542,0.118537
3192,0.673314,0.110221
3195,0.676291,0.119072
3198,0.673039,0.133058
3201,0.673053,0.115885
3204,0.675503,0.0877772
3207,0.675971,0.0844841
3210,0.6754,0.134487
3213,0.67431,0.123699
3216,0.673703,0.0984466
3219,0.674594,0.0958041
3222,0.67609,0.0611924
3225,0.675974,0.0684709
3228,0.676432,0.094456
3231,0.676508,0.0722668
3234,0.676576,0.0815072
3237,0.675492,0.137177
3240,0.675275,0.0575963
3243,0.674552,0.0559596
3246,0.674789,0.0828095
3249,0.675688,0.0725137
3252,0.673658,0.109214
3255,0.672469,0.0495459
3258,0.673113,0.0589548
3261,0.675882,0.152548
3264,0.67737,0.114858
3267,0.6764,0.082678
3270,0.678309,0.0688418
3273,0.680113,0.0709736
3276,0.681122,0.0575898
3279,0.681276,0.0620402
3282,0.68035,0.0538383
3285,0.677915,0.125686
3288,0.676245,0.0981501
3291,0.674005,0.0625353
3294,0.674537,0.0572424
3297,0.673911,0.079348
3300,0.674265,0.0763554
3303,0.673451,0.0592697
3306,0.673066,0.0809093
3309,0.672805,0.079465
3312,0.675628,0.19619
3315,0.67587,0.10711
3318,0.67574,0.0857917
3321,0.673737,0.0708247
3324,0.67165,0.0895257
3327,0.671791,0.0821619
3330,0.672132,0.082257
3333,0.672078,0.0763769
3336,0.672021,0.118731
3339,0.670826,0.0865206
3342,0.67142,0.0973938
3345,0.671203,0.0834966
3348,0.67069,0.0794472
3351,0.670952,0.0750517
3354,0.671219,0.0812695
3357,0.673608,0.0794224
3360,0.673976,0.127716
3363,0.671619,0.111464
3366,0.671376,0.0917978
3369,0.670067,0.109445
3372,0.668247,0.0686938
3375,0.666741,0.0682906
3378,0.664382,0.0729303
3381,0.663875,0.0580548
3384,0.663758,0.0573756
3387,0.662684,0.171786
3390,0.663431,0.0892399
3393,0.663396,0.0620311
3396,0.662079,0.0892373
3399,0.662572,0.0589615
3402,0.663167,0.0577204
3405,0.666485,0.079139
3408,0.668073,0.0703884
3411,0.669425,0.171918
3414,0.669544,0.103169
3417,0.6681,0.106181
3420,0.668336,0.086356
3423,0.668802,0.110392
3426,0.667108,0.0888819
3429,0.666787,0.0701651
3432,0.66652,0.0813152
3435,0.668221,0.18851
3438,0.669599,0.149506
3441,0.66945,0.0939435
3444,0.669556,0.0860399
3447,0.669773,0.0885988
3450,0.670261,0.0803107
3453,0.671212,0.0885179
3456,0.672112,0.0921453
3459,0.672878,0.0758289
3462,0.676584,0.154063
3465,0.674116,0.100202
3468,0.67283,0.110501
3471,0.672525,0.113521
3474,0.669877,0.0916019
3477,0.66901,0.0974944
3480,0.668454,0.0698907
3483,0.6671,0.0569563
3486,0.668516,0.166466
3489,0.668845,0.107507
3492,0.672542,0.111623
3495,0.674462,0.123625
3498,0.675101,0.122374
3501,0.676687,0.112046
3504,0.676577,0.0940197
3507,0.675227,0.0753822
3510,0.67173,0.122961
3513,0.665831,0.116354
3516,0.667703,0.133786
3519,0.668434,0.115748
3522,0.668791,0.109508
3525,0.672123,0.0915157
3528,0.675731,0.104161
3531,0.677101,0.0616731
3534,0.676492,0.0575768
3537,0.672429,0.211065
3540,0.669978,0.111804
3543,0.668848,0.0889515
3546,0.670085,0.0893316
3549,0.672686,0.0726443
3552,0.672179,0.0735153
3555,0.671116,0.0613532
3558,0.67135,0.075326
3561,0.670698,0.149691
3564,0.671817,0.109931
3567,0.672225,0.0987418
3570,0.6716,0.142575
3573,0.669905,0.141467
3576,0.669668,0.111024
3579,0.670804,0.0956315
3582,0.669893,0.0839695
3585,0.66906,0.0747017
3588,0.668574,0.0695093
3591,0.669401,0.0669634
3594,0.669885,0.11957
3597,0.670531,0.118081
3600,0.668916,0.101213
3603,0.667525,0.0645364
3606,0.667793,0.112668
3609,0.668576,0.0770829
3612,0.670767,0.0760641
3615,0.673581,0.0700632
3618,0.677659,0.0590802
3621,0.683768,0.153825
3624,0.686527,0.0934463
3627,0.684712,0.0837161
3630,0.685819,0.113015
3633,0.688268,0.0959282
3636,0.690116,0.0962464
3639,0.692283,0.0927475
3642,0.694124,0.109019
3645,0.692492,0.185501
3648,0.691488,0.132494
3651,0.69031,0.119093
3654,0.690384,0.114958
3657,0.688263,0.129169
3660,0.688102,0.134547
3663,0.685437,0.118871
3666,0.684851,0.0926339
3669,0.685482,0.155832
3672,0.686604,0.120834
3675,0.683978,0.100915
3678,0.684453,0.0729735
3681,0.682988,0.0651112
3684,0.681898,0.0777909
3687,0.682446,0.0799684
3690,0.682054,0.0635267
3693,0.681167,0.0534046
3696,0.677804,0.113297
3699,0.674294,0.10434
3702,0.675371,0.109026
3705,0.674866,0.11337
3708,0.675049,0.104936
3711,0.674927,0.118916
3714,0.676014,0.102304
3717,0.67868,0.106362
3720,0.676972,0.148664
3723,0.677145,0.126528
3726,0.677228,0.122057
3729,0.67767,0.117292
3732,0.676609,0.130245
3735,0.674793,0.112815
3738,0.673881,0.0975153
3741,0.672529,0.117031
3744,0.670348,0.163803
3747,0.668009,0.0908194
3750,0.668772,0.11656
3753,0.668017,0.0867518
3756,0.66571,0.0901794
3759,0.662556,0.0691801
3762,0.660365,0.0612173
3765,0.658983,0.0750361
3768,0.658948,0.0971417
3771,0.658699,0.115923
3774,0.659881,0.0733706
3777,0.659246,0.0834744
3780,0.659687,0.0796706
3783,0.660478,0.0828794
3786,0.66231,0.0935932
3789,0.665298,0.0785263
3792,0.667701,0.0658296
3795,0.669688,0.171713
3798,0.670777,0.112118
3801,0.671235,0.125063
3804,0.668898,0.117076
3807,0.666362,0.130885
3810,0.667107,0.160555
3813,0.667496,0.108314
3816,0.667513,0.0924209
3819,0.670601,0.139592
3822,0.681254,0.128663
3825,0.681217,0.103588
3828,0.682005,0.118865
3831,0.683054,0.086821
3834,0.683341,0.0769314
3837,0.68465,0.0822309
3840,0.686629,0.0762979
3843,0.687196,0.0593258
3846,0.685291,0.189299
3849,0.685427,0.106804
3852,0.687359,0.0726156
3855,0.688165,0.0706053
3858,0.688144,0.0794107
3861,0.689203,0.0570503
3864,0.689164,0.0788803
3867,0.690924,0.0799802
3870,0.687813,0.132137
3873,0.689502,0.088041
3876,0.689689,0.0838767
3879,0.689344,0.065618
3882,0.688634,0.0680986
3885,0.689193,0.0626437
3888,0.687396,0.0588686
3891,0.686366,0.0657408
3894,0.686648,0.116178
3897,0.685778,0.0556553
3900,0.689139,0.0706732
3903,0.689163,0.0715562
3906,0.689263,0.069943
3909,0.692985,0.0842634
3912,0.692346,0.070007
3915,0.687851,0.0774239
3918,0.689212,0.0612617
3921,0.683072,0.152017
3924,0.683392,0.0774056
3927,0.683721,0.066002
3930,0.685138,0.058657
3933,0.686276,0.102761
3936,0.686224,0.075731
3939,0.68719,0.075053
3942,0.691216,0.057309
3945,0.684762,0.127441
3948,0.681329,0.0704119
3951,0.681647,0.0957009
3954,0.687577,0.133811
3957,0.691078,0.0737873
3960,0.696831,0.081937
3963,0.70482,0.0720826
3966,0.713859,0.0584389
3969,0.726107,0.107656
3972,0.735606,0.122386
3975,0.734384,0.088894
3978,0.735294,0.0938604
3981,0.737834,0.0782115
3984,0.72992,0.0753874
3987,0.719178,0.0883937
3990,0.711251,0.0763018
3993,0.704283,0.0739388
3996,0.692944,0.179559
3999,0.685508,0.114389
4002,0.682488,0.118927
4005,0.681604,0.103337
4008,0.680722,0.113696
4011,0.681822,0.0839159
4014,0.683539,0.0530702
4017,0.688753,0.0753391
4020,0.695944,0.140782
4023,0.703781,0.0883519
4026,0.703252,0.0804674
4029,0.704788,0.0903361
4032,0.710533,0.0743464
4035,0.716932,0.101638
4038,0.722443,0.0618704
4041,0.726456,0.0787432
4044,0.728366,0.159234
4047,0.727393,0.10109
4050,0.728835,0.118853
4053,0.72632,0.13919
4056,0.72359,0.130702
4059,0.715822,0.113969
4062,0.714018,0.085166
4065,0.713958,0.0609769
4068,0.720915,0.0380053
4071,0.723155,0.192464
4074,0.722096,0.104122
4077,0.728234,0.0996471
4080,0.734279,0.0826737
4083,0.738582,0.0688235
4086,0.738348,0.101862
4089,0.738263,0.0910689
4092,0.740639,0.0710311
4095,0.737373,0.157608
4098,0.734235,0.134681
4101,0.734979,0.125384
4104,0.735583,0.121039
4107,0.732449,0.134436
4110,0.726784,0.088608
4113,0.718083,0.122028
4116,0.712172,0.0635855
4119,0.709455,0.117403
4122,0.70405,0.118657
4125,0.701742,0.0856232
4128,0.698405,0.0830081
4131,0.694791,0.0974447
4134,0.694886,0.121214
4137,0.696168,0.143839
4140,0.693535,0.125108
4143,0.695093,0.135455
4146,0.693219,0.160529
4149,0.693855,0.120163
4152,0.694341,0.12131
4155,0.695482,0.135901
4158,0.700843,0.136569
4161,0.703192,0.156409
4164,0.705038,0.177703
4167,0.708127,0.185823
4170,0.715319,0.17058
4173,0.722185,0.174272
4176,0.735085,0.208967
4179,0.747385,0.222295
4182,0.762194,0.203205
4185,0.770758,0.221513
4188,0.779654,0.23818
4191,0.790592,0.239729
4194,0.801956,0.254337
4197,0.812624,0.224987
4200,0.822093,0.270794
4203,0.829279,0.303812
4206,0.831651,0.409528
4209,0.839701,0.464006
4212,0.850301,0.488671
4215,0.858403,0.54965
4218,0.867378,0.54368
4221,0.871457,0.546175
4224,0.878108,0.496813
4227,0.887744,0.43963
4230,0.891081,0.538022
4233,0.892769,0.519756
4236,0.889751,0.536295
4239,0.877323,0.533053
4242,0.837798,0.553337
4245,0.796892,0.586848
4248,0.779233,0.586045
4251,0.754952,0.599281
4254,0.753161,0.602742
4257,0.741837,0.597959
4260,0.74265,0.601645
4263,0.733071,0.644263
4266,0.726704,0.628956
4269,0.714692,0.58997
4272,0.709047,0.620569
4275,0.717506,0.606809
4278,0.727964,0.657021
4281,0.745935,0.65521
4284,0.74876,0.612979
4287,0.753259,0.646121
4290,0.755171,0.637876
4293,0.745416,0.654501
4296,0.73792,0.632343
4299,0.745278,0.66214
4302,0.746495,0.638552
4305,0.755309,0.624904
4308,0.75854,0.624
4311,0.752477,0.691819
4314,0.750999,0.696635
4317,0.743929,0.652676
4320,0.714921,0.650948
4323,0.699736,0.62801
4326,0.692462,0.646032
4329,0.677634,0.626994
4332,0.663607,0.626872
4335,0.658842,0.613033
4338,0.653872,0.599983
4341,0.650259,0.58546
4344,0.64237,0.603879
4347,0.635108,0.568909
4350,0.640096,0.590328
4353,0.636874,0.594247
4356,0.628622,0.583615
4359,0.623679,0.574089
4362,0.623107,0.570551
4365,0.620956,0.531446
4368,0.61361,0.549832
4371,0.609731,0.527426
4374,0.607819,0.531562
4377,0.597097,0.532024
4380,0.595016,0.532137
4383,0.597366,0.557885
4386,0.5993,0.563352
4389,0.595385,0.565616
4392,0.592956,0.525269
4395,0.585252,0.513776
4398,0.576142,0.535546
4401,0.56278,0.520373
4404,0.550168,0.51522
4407,0.537717,0.510831
4410,0.532396,0.505776
4413,0.529223,0.502762
4416,0.533951,0.507253
4419,0.5384,0.450396
4422,0.541118,0.514062
4425,0.550442,0.52292
4428,0.543447,0.49852
4431,0.534228,0.506067
4434,0.529368,0.471001
4437,0.51941,0.476153
4440,0.505537,0.48026
4443,0.498931,0.473497
4446,0.503689,0.468104
4449,0.512324,0.486708
4452,0.517155,0.491297
4455,0.52766,0.501277
4458,0.538065,0.511162
4461,0.531515,0.504939
4464,0.523814,0.497623
4467,0.528907,0.494212
4470,0.54267,0.502781
4473,0.547984,0.517473
4476,0.545753,0.510531
4479,0.52989,0.503312
4482,0.523571,0.495646
4485,0.510847,0.485305
4488,0.498557,0.471809
4491,0.500742,0.461147
4494,0.501484,0.475216
4497,0.494874,0.435186
4500,0.524619,0.481664
4503,0.542416,0.515296
4506,0.551662,0.524079
4509,0.562312,0.530021
4512,0.587494,0.535663
4515,0.617215,0.509856
4518,0.633662,0.523542
4521,0.632043,0.541546
4524,0.64912,0.561602
4527,0.666209,0.564747
4530,0.704386,0.556981
4533,0.711476,0.568088
4536,0.710333,0.615906
4539,0.7016,0.574588
4542,0.686844,0.559817
4545,0.667644,0.506352
4548,0.653628,0.469046
4551,0.646967,0.550909
4554,0.643888,0.525495
4557,0.637246,0.55814
4560,0.605396,0.541125
4563,0.599224,0.565852
4566,0.581399,0.552329
4569,0.574422,0.545701
4572,0.55451,0.520528
4575,0.553676,0.505504
4578,0.557649,0.529413
4581,0.547244,0.519882
4584,0.538781,0.500674
4587,0.535369,0.486188
4590,0.526621,0.495511
4593,0.535356,0.473803
4596,0.530264,0.486752
4599,0.523169,0.487915
4602,0.513782,0.48114
4605,0.506079,0.464143
4608,0.504062,0.478859
4611,0.50162,0.472126
4614,0.478989,0.45504
4617,0.462423,0.4303
4620,0.441302,0.419237
4623,0.426184,0.403841
4626,0.407348,0.381203
4629,0.403032,0.358463
4632,0.409143,0.380727
4635,0.405967,0.371599
4638,0.399331,0.363369
4641,0.405342,0.372317
4644,0.414601,0.386628
4647,0.428633,0.407202
4650,0.443327,0.412692
4653,0.450348,0.427831
4656,0.453268,0.425032
4659,0.451067,0.379719
4662,0.44525,0.41703
4665,0.431243,0.379021
4668,0.413283,0.380328
4671,0.408248,0.355316
4674,0.395903,0.329123
4677,0.369166,0.348154
4680,0.340317,0.297807
4683,0.324024,0.307823
4686,0.313336,0.297669
4689,0.312804,0.296574
4692,0.308118,0.292217
4695,0.294181,0.279472
4698,0.295649,0.273826
4701,0.301703,0.284764
4704,0.307348,0.289218
4707,0.320771,0.304505
4710,0.334107,0.309559
4713,0.363928,0.341945
4716,0.393152,0.371719
4719,0.408885,0.372674
4722,0.407445,0.382245
4725,0.40739,0.378001
4728,0.410696,0.386316
4731,0.416105,0.394512
4734,0.417113,0.392023
4737,0.412178,0.390837
4740,0.411259,0.389167
4743,0.406676,0.383611
4746,0.393749,0.374061
4749,0.379567,0.360588
4752,0.355785,0.337996
4755,0.332914,0.316268
4758,0.313302,0.297637
4761,0.282541,0.268414
4764,0.253731,0.241044
4767,0.230366,0.218848
4770,0.208561,0.193523
4773,0.189295,0.17983
4776,0.170307,0.161792
4779,0.152958,0.14531
4782,0.133103,0.126448
4785,0.109965,0.104467
4788,0.0906483,0.0861159
4791,0.0751745,0.071185
4794,0.056038,0.0532361
4797,0.0391156,0.0371598
4800,0.0227849,0.0216456
4803,0.0114976,0.0109227
4806,0.00419828,0.00398836
4809,0,0
4812,0.000215531,0.000204754
4815,0.000830773,0.000789234
4818,0.000809873,0.000769379
4821,0.000973154,0.000924496
4824,0.00135327,0.00128561
4827,0.002572,0.0024434
4830,0.00343282,0.00326118
4833,0.00383906,0.00364711
4836,0.00624125,0.00592919
4839,0.00626737,0.005954
4842,0.00657695,0.00624811
4845,0.00728625,0.0064044
4848,0.00732805,0.00696164
4851,0.00710468,0.00674944
4854,0.0074025,0.00618919
4857,0.00780221,0.00663972
4860,0.00741165,0.006324
4863,0.00745214,0.00707953
4866,0.00703153,0.00667995
4869,0.00695968,0.00531525
4872,0.00683037,0.00631564
4875,0.00657695,0.00506556
4878,0.00673762,0.00483553
4881,0.00668407,0.00634986
4884,0.00623602,0.00592422
4887,0.0062935,0.0054332
4890,0.0062517,0.00593911
4893,0.00606229,0.00548108
4896,0.00549277,0.00521813
4899,0.00523674,0.00496145
4902,0.00517143,0.00491286
4905,0.00425837,0.00404545
4908,0.00287374,0.00273006
4911,0.000824242,0.00078303
4914,0,0
4917,0.0117236,0.0111374
4920,0.0331525,0.0314949
4923,0.0417294,0.0396429
4926,0.0554972,0.0516298
4929,0.0828788,0.0756864
4932,0.10193,0.0869719
4935,0.107238,0.0999732
4938,0.110785,0.104675
4941,0.115143,0.107121
4944,0.119256,0.110735
4947,0.122717,0.116581
4950,0.124667,0.118434
4953,0.122287,0.116173
4956,0.11405,0.108347
4959,0.104611,0.0993803
4962,0.0958328,0.0910412
4965,0.0920107,0.0802156
4968,0.102137,0.0970299
4971,0.10878,0.103265
4974,0.119528,0.113552
4977,0.129704,0.121129
4980,0.126557,0.118998
4983,0.117893,0.110306
4986,0.110437,0.104769
4989,0.103214,0.0980537
4992,0.105001,0.0993992
4995,0.105822,0.0994126
4998,0.108863,0.103419
5001,0.109457,0.103984
5004,0.109898,0.104404
5007,0.105511,0.087695
5010,0.0988764,0.0939325
5013,0.0930636,0.0884104
5016,0.083976,0.0797772
5019,0.0680986,0.051175
5022,0.0615216,0.0462733
5025,0.0506641,0.0481004
5028,0.0392579,0.037295
5031,0.0318215,0.0302304
5034,0.0256795,0.0243955
5037,0.0199412,0.0189441
5040,0.0200417,0.0190397
5043,0.0206204,0.0195894
5046,0.0250826,0.0238284
5049,0.0401318,0.0379659
5052,0.0594551,0.0564824
5055,0.0807026,0.0711871
5058,0.104916,0.0937347
5061,0.129079,0.105036
5064,0.153202,0.137096
5067,0.172892,0.157349
5070,0.195349,0.178117
5073,0.212106,0.185733
5076,0.224708,0.191626
5079,0.234875,0.191078
5082,0.239584,0.197416
5085,0.224162,0.194803
5088,0.206234,0.178188
5091,0.184109,0.171459
5094,0.166643,0.158311
5097,0.157392,0.140774
5100,0.152076,0.144472
5103,0.14244,0.135318
5106,0.129595,0.122186
5109,0.101642,0.0965596
5112,0.07359,0.0699105
5115,0.0606752,0.0576414
5118,0.0589588,0.042718
5121,0.0494558,0.046983
5124,0.0378799,0.0359859
5127,0.0290862,0.0276319
5130,0.017812,0.0100359
5133,0.00567956,0.00489973
5136,0,0
5139,0,0
5142,0,0
5145,0,0
5148,0,0
5151,0,0
5154,0,0
5157,0,0
5160,0,0
5163,0,0
5166,0,0
5169,0,0
5172,0,0
5175,0,0
5178,0,0
5181,0,0
5184,0,0
5187,0,0
5190,0,0
5193,0,0
5196,0,0
5199,0,0
5202,0,0
5205,0,0
5208,0,0
5211,0,0
5214,0,0
5217,0,0
5220,0,0
5223,0,0
5226,0,0
5229,0,0
5232,0,0
5235,0,0
5238,0,0
5241,0,0
5244,0,0
5247,0,0
5250,0,0
5253,0,0
5256,0.0017151,0.00160799
5259,0.0196433,0.0132715
5262,0.0414616,0.0353549
5265,0.0541309,0.0464083
5268,0.0590829,0.0483008
5271,0.0632054,0.0600451
5274,0.065861,0.052136
5277,0.0681351,0.0639852
5280,0.0689189,0.065473
5283,0.0696569,0.0661741
5286,0.0706732,0.0671395
5289,0.0831531,0.077737
5292,0.10819,0.10278
5295,0.127019,0.119135
5298,0.140015,0.133015
5301,0.14685,0.136704
5304,0.152696,0.141158
5307,0.156585,0.137582
5310,0.160054,0.140196
5313,0.161911,0.149344
5316,0.160479,0.120129
5319,0.157255,0.0972562
5322,0.155581,0.0978542
5325,0.152853,0.100258
5328,0.159192,0.0917362
5331,0.172334,0.0954221
5334,0.184519,0.106973
5337,0.189638,0.115375
5340,0.192299,0.116509
5343,0.196184,0.110933
5346,0.201189,0.128055
5349,0.203624,0.122364
5352,0.21586,0.134019
5355,0.235848,0.151175
5358,0.25464,0.128398
5361,0.270558,0.139815
5364,0.273,0.160026
5367,0.273041,0.152665
5370,0.273718,0.150702
5373,0.27665,0.144918
5376,0.279579,0.14391
5379,0.28187,0.137693
5382,0.283629,0.141591
5385,0.290317,0.13631
5388,0.305133,0.149692
5391,0.316468,0.146929
5394,0.32214,0.146562
5397,0.321251,0.151344
5400,0.318958,0.140227
5403,0.318946,0.126587
5406,0.317913,0.138124
5409,0.320066,0.108009
5412,0.321171,0.107058
5415,0.323555,0.110152
5418,0.337703,0.134821
5421,0.351711,0.158813
5424,0.362049,0.157073
5427,0.367697,0.147328
5430,0.374104,0.135824
5433,0.38231,0.150964
5436,0.388548,0.127563
5439,0.40284,0.151327
5442,0.416095,0.164811
5445,0.422418,0.184904
5448,0.431294,0.166652
5451,0.434642,0.152538
5454,0.435283,0.146977
5457,0.435417,0.15197
5460,0.431685,0.149567
5463,0.429166,0.14505
5466,0.428222,0.129059
5469,0.424226,0.127463
5472,0.41965,0.104951
5475,0.418744,0.118112
5478,0.422384,0.108527
5481,0.430981,0.133518
5484,0.441975,0.132921
5487,0.453626,0.132097
5490,0.466942,0.118972
5493,0.479611,0.126937
5496,0.491778,0.177823
5499,0.50416,0.153245
5502,0.512433,0.132067
5505,0.520264,0.124594
5508,0.530044,0.137989
5511,0.536585,0.163345
5514,0.538511,0.163283
5517,0.542185,0.155038
5520,0.554326,0.154009
5523,0.56552,0.121593
5526,0.576929,0.119579
5529,0.593641,0.127121
5532,0.607423,0.146731
5535,0.621629,0.142677
5538,0.632028,0.141032
5541,0.643334,0.152721
5544,0.650408,0.179489
5547,0.656407,0.221035
5550,0.657394,0.145614
5553,0.664796,0.153765
5556,0.669462,0.164468
5559,0.673423,0.142192
5562,0.677404,0.160534
5565,0.685525,0.172016
5568,0.691899,0.168835
5571,0.693918,0.247843
5574,0.703984,0.20697
5577,0.711399,0.222028
5580,0.718909,0.164032
5583,0.723748,0.165529
5586,0.726327,0.137833
5589,0.729437,0.159604
5592,0.729886,0.176624
5595,0.728814,0.213792
5598,0.727326,0.184709
5601,0.725095,0.147018
5604,0.726636,0.121247
5607,0.730674,0.107956
5610,0.736918,0.129686
5613,0.737058,0.114273
5616,0.734995,0.146055
5619,0.734392,0.183957
5622,0.734484,0.143588
5625,0.735241,0.148754
5628,0.734658,0.123093
5631,0.732296,0.137383
5634,0.730082,0.127888
5637,0.730669,0.111931
5640,0.729101,0.138497
5643,0.728118,0.146302
5646,0.728679,0.169054
5649,0.72844,0.110938
5652,0.72465,0.156673
5655,0.717392,0.140446
5658,0.713532,0.117664
5661,0.713149,0.116302
5664,0.714935,0.107225
5667,0.716719,0.120403
5670,0.717962,0.167251
5673,0.718224,0.103887
5676,0.718142,0.102621
5679,0.717127,0.102134
5682,0.718962,0.0568675
5685,0.721785,0.0766519
5688,0.72359,0.0890573
5691,0.722323,0.0849191
5694,0.721248,0.138038
5697,0.722166,0.152634
5700,0.722903,0.102768
5703,0.722656,0.0646723
5706,0.726239,0.0856349
5709,0.731342,0.0659067
5712,0.759056,0.073236
5715,0.775622,0.0883493
5718,0.80153,0.0920473
5721,0.847616,0.167512
5724,0.849034,0.152507
5727,0.850567,0.0832145
5730,0.853259,0.082142
5733,0.855231,0.118868
5736,0.860976,0.0909226
187513411