Frame_Num,Queue_Density,Dynamic_Density
3,0.088463,0.0415308
6,0.0953965,0.0442857
9,0.100439,0.053385
12,0.0995452,0.0529526
15,0.10306,0.0552347
18,0.105442,0.0584141
21,0.105951,0.0613335
24,0.110303,0.0667714
27,0.117271,0.0746559
30,0.121877,0.0823785
33,0.123534,0.0844254
36,0.124583,0.0860556
39,0.125883,0.0768779
42,0.126855,0.0700253
45,0.127196,0.0674363
48,0.127538,0.0431062
51,0.127704,0.0259982
54,0.131146,0.024854
57,0.132874,0.0262255
60,0.133265,0.0263457
63,0.132861,0.0306328
66,0.133291,0.0324655
69,0.13618,0.0392606
72,0.139374,0.0384585
75,0.143154,0.0417281
78,0.147257,0.0398431
81,0.157067,0.0576381
84,0.168076,0.0479902
87,0.181755,0.0516751
90,0.194748,0.0806725
93,0.201063,0.0803577
96,0.199754,0.0867871
99,0.202673,0.0885048
102,0.204183,0.0876805
105,0.204027,0.0906744
108,0.210426,0.0952763
111,0.218919,0.0829415
114,0.228858,0.114216
117,0.235068,0.124852
120,0.234285,0.126328
123,0.234674,0.107654
126,0.234767,0.12048
129,0.237708,0.137142
132,0.242554,0.132367
135,0.245061,0.134244
138,0.246993,0.116833
141,0.250806,0.109324
144,0.249747,0.136362
147,0.249758,0.118862
150,0.247002,0.109896
153,0.243901,0.0795935
156,0.242046,0.097753
159,0.236768,0.0743712
162,0.232511,0.100298
165,0.228883,0.0867479
168,0.228515,0.0845142
171,0.222318,0.0920904
174,0.219737,0.0732504
177,0.217379,0.0767498
180,0.21938,0.0773115
183,0.218457,0.0621029
186,0.21734,0.0397909
189,0.216025,0.0342224
192,0.215962,0.0283704
195,0.214555,0.0365906
198,0.2145,0.0305518
201,0.214155,0.0251988
204,0.214793,0.0357559
207,0.214632,0.0253987
210,0.214487,0.0217804
213,0.214649,0.0287518
216,0.213989,0.0261968
219,0.213931,0.07687
222,0.214475,0.0262151
225,0.214976,0.0402781
228,0.214508,0.0430448
231,0.21554,0.023677
234,0.216325,0.0235934
237,0.215882,0.0192854
240,0.214349,0.0199529
243,0.21642,0.00939714
246,0.212081,0.0117079
249,0.213315,0.0106172
252,0.212802,0.00867479
255,0.2141,0.0105597
258,0.215179,0.00893734
261,0.21511,0.025737
264,0.215539,0.0235216
267,0.216103,0.0177859
270,0.214815,0.0664174
273,0.212865,0.0206714
276,0.215109,0.0151028
279,0.217241,0.0143099
282,0.221076,0.0184233
285,0.224988,0.0252968
288,0.22445,0.021796
291,0.220313,0.0153549
294,0.217157,0.0108066
297,0.212989,0.0113617
300,0.210306,0.0121455
303,0.20915,0.0403591
306,0.209816,0.0346378
309,0.210448,0.0238273
312,0.212513,0.0176827
315,0.214138,0.0204806
318,0.214923,0.0112311
321,0.213108,0.035978
324,0.214006,0.0171771
327,0.213663,0.0261929
330,0.214065,0.0425667
333,0.213797,0.0178564
336,0.213517,0.0225589
339,0.213899,0.0237972
342,0.219233,0.0143687
345,0.223081,0.0335196
348,0.225333,0.0217947
351,0.225079,0.0257905
354,0.224537,0.0238233
357,0.225022,0.0255371
360,0.225573,0.024692
363,0.225761,0.0258193
366,0.225729,0.0243289
369,0.224386,0.0300476
372,0.224449,0.025754
375,0.224353,0.025541
378,0.223635,0.025059
381,0.222933,0.0223512
384,0.22774,0.0229886
387,0.231778,0.0235843
390,0.236697,0.0283521
393,0.239847,0.0326549
396,0.241486,0.0350257
399,0.242988,0.0379399
402,0.244087,0.0413205
405,0.2479,0.0470954
408,0.258839,0.05951
411,0.270182,0.079156
414,0.284958,0.0911839
417,0.298127,0.101366
420,0.305189,0.129944
423,0.315963,0.125327
426,0.330363,0.140885
429,0.342184,0.151641
432,0.354521,0.166125
435,0.364496,0.173609
438,0.370403,0.18102
441,0.374434,0.186761
444,0.371616,0.199668
447,0.37294,0.200407
450,0.382726,0.204365
453,0.389634,0.203728
456,0.393449,0.198118
459,0.395912,0.195105
462,0.397411,0.193389
465,0.398319,0.189266
468,0.398173,0.190341
471,0.398123,0.184633
474,0.400248,0.183626
477,0.399981,0.162306
480,0.399373,0.133608
483,0.399321,0.122597
486,0.399816,0.0994407
489,0.401641,0.099169
492,0.402256,0.0960366
495,0.399173,0.112403
498,0.401519,0.0860987
501,0.413743,0.0151786
504,0.427512,0.0298621
507,0.442886,0.0445626
510,0.456829,0.0566088
513,0.466742,0.061455
516,0.472212,0.0626358
519,0.477471,0.0699783
522,0.485475,0.0677198
525,0.489579,0.0690234
528,0.492301,0.0706993
531,0.496255,0.0754658
534,0.49728,0.0748741
537,0.499869,0.0757924
540,0.502121,0.0778432
543,0.50296,0.0795269
546,0.499425,0.0999945
549,0.498494,0.0934855
552,0.496053,0.0905007
555,0.494523,0.0825849
558,0.493249,0.0766558
561,0.491947,0.0997698
564,0.48836,0.0911591
567,0.483771,0.0794577
570,0.484159,0.050523
573,0.489438,0.0214407
576,0.496818,0.0341087
579,0.50343,0.0358904
582,0.511581,0.0422636
585,0.518431,0.0553718
588,0.525049,0.0540003
591,0.530168,0.0649766
594,0.535991,0.0846905
597,0.546943,0.0785825
600,0.553599,0.0822975
603,0.562303,0.0900801
606,0.570799,0.0939453
609,0.582521,0.0934737
612,0.590787,0.109889
615,0.598458,0.107614
618,0.603413,0.111764
621,0.608985,0.11062
624,0.613732,0.105396
627,0.618304,0.0993636
630,0.621639,0.0769118
633,0.625449,0.0652039
636,0.627128,0.0671476
639,0.626172,0.0717443
642,0.623414,0.0662424
645,0.622886,0.100042
648,0.624505,0.0644973
651,0.627027,0.0634
654,0.628375,0.0841445
657,0.630007,0.0838571
660,0.631196,0.0852065
663,0.63304,0.097369
666,0.635509,0.0956003
669,0.634076,0.143165
672,0.631889,0.111872
675,0.634283,0.0973128
678,0.63604,0.106521
681,0.637954,0.103943
684,0.639183,0.112772
687,0.641032,0.100546
690,0.643132,0.100842
693,0.645037,0.0795361
696,0.644298,0.172472
699,0.645494,0.0861026
702,0.646578,0.0569158
705,0.647772,0.0782429
708,0.648761,0.0686106
711,0.6502,0.0355155
714,0.651304,0.0286996
717,0.651141,0.0571588
720,0.647919,0.0745671
723,0.647744,0.0242871
726,0.647529,0.0248435
729,0.647983,0.0213885
732,0.651156,0.00832341
735,0.652205,0.00670366
738,0.654372,0.00994315
741,0.656714,0.0163163
744,0.654819,0.0112442
747,0.654351,0.0153876
750,0.65491,0.0174828
753,0.653928,0.009452
756,0.656443,0.0176761
759,0.655328,0.01048
762,0.657604,0.0158513
765,0.656524,0.0171589
768,0.657742,0.00956303
771,0.658629,0.018311
774,0.655138,0.00776041
777,0.656004,0.0160603
780,0.657118,0.0170374
783,0.662907,0.0136999
786,0.663272,0.0212892
789,0.668967,0.0126902
792,0.676526,0.0274847
795,0.677435,0.0401318
798,0.68509,0.025076
801,0.686328,0.0490587
804,0.685739,0.0224008
807,0.690776,0.0414224
810,0.690516,0.0153171
813,0.694534,0.0138488
816,0.697898,0.0155626
819,0.69979,0.0134334
822,0.703188,0.0155391
825,0.705955,0.0108771
828,0.708008,0.0100607
831,0.711686,0.0188857
834,0.710176,0.0215701
837,0.707825,0.0103468
840,0.70963,0.0181634
843,0.70944,0.0159297
846,0.709741,0.0312206
849,0.711702,0.019838
852,0.712112,0.0160224
855,0.712984,0.0171719
858,0.708554,0.0194409
861,0.708747,0.0163699
864,0.706302,0.0132049
867,0.708541,0.0116112
870,0.704984,0.043417
873,0.703533,0.0155652
876,0.705038,0.0241355
879,0.70634,0.0194474
882,0.711212,0.0188805
885,0.70989,0.0196943
888,0.710916,0.012975
891,0.711711,0.0190464
894,0.713864,0.0094729
897,0.714923,0.0196603
900,0.715704,0.0106812
903,0.718384,0.00542093
906,0.713289,0.0779764
909,0.715093,0.0156632
912,0.715806,0.0145633
915,0.715322,0.0125779
918,0.709611,0.00619684
921,0.708962,0.0105401
924,0.710596,0.00542354
927,0.712427,0.00514269
930,0.709288,0.0108471
933,0.709641,0.0090954
936,0.713096,0.0106485
939,0.717187,0.0209522
942,0.717873,0.0291567
945,0.717819,0.0246423
948,0.71917,0.0273724
951,0.719869,0.0236653
954,0.720761,0.0180876
957,0.720705,0.0086356
960,0.722741,0.0102514
963,0.723665,0.0169407
966,0.724503,0.0148272
969,0.723991,0.0234929
972,0.728282,0.0155809
975,0.729859,0.021378
978,0.73031,0.0403199
981,0.724541,0.0404767
984,0.723136,0.0341871
987,0.723946,0.0239971
990,0.720603,0.022312
993,0.71824,0.0373848
996,0.71832,0.0241669
999,0.717265,0.0246019
1002,0.722165,0.0200731
1005,0.716691,0.0774252
1008,0.714106,0.0478544
1011,0.712819,0.0263653
1014,0.715066,0.029482
1017,0.71537,0.032438
1020,0.715694,0.033035
1023,0.713383,0.0290601
1026,0.713429,0.0373012
1029,0.713459,0.0258049
1032,0.713281,0.0340421
1035,0.711103,0.0588308
1038,0.707587,0.0469988
1041,0.708905,0.0340552
1044,0.710243,0.037377
1047,0.709026,0.028535
1050,0.708254,0.0348076
1053,0.708047,0.0300215
1056,0.707671,0.0342537
1059,0.707975,0.0308954
1062,0.701507,0.0750426
1065,0.700982,0.0273972
1068,0.700263,0.0385042
1071,0.701374,0.0311462
1074,0.702088,0.0347932
1077,0.702615,0.0293279
1080,0.702587,0.0259238
1083,0.70317,0.0378237
1086,0.706514,0.0439408
1089,0.710315,0.0302971
1092,0.712409,0.0341479
1095,0.712829,0.0378172
1098,0.712883,0.031781
1101,0.713031,0.0309724
1104,0.712866,0.0381176
1107,0.711792,0.034272
1110,0.711867,0.050075
1113,0.712037,0.0439826
1116,0.713036,0.0339755
1119,0.7093,0.0359662
1122,0.70931,0.0409456
1125,0.710278,0.024257
1128,0.710785,0.0266997
1131,0.711549,0.0446606
1134,0.711735,0.044995
1137,0.713259,0.0445639
1140,0.713191,0.0346273
1143,0.71568,0.0298112
1146,0.715919,0.0273411
1149,0.715825,0.0264946
1152,0.712597,0.0364769
1155,0.710711,0.0279602
1158,0.710954,0.0429429
1161,0.707691,0.0444385
1164,0.705503,0.0368989
1167,0.70542,0.0439696
1170,0.704469,0.0426542
1173,0.706186,0.04903
1176,0.706188,0.0462215
1179,0.705108,0.0375624
1182,0.705409,0.0469648
1185,0.705162,0.0587681
1188,0.705824,0.0343634
1191,0.708819,0.0420716
1194,0.711331,0.0380079
1197,0.711747,0.0418783
1200,0.71322,0.0314309
1203,0.714524,0.0259799
1206,0.715557,0.0185396
1209,0.717316,0.0267637
1212,0.728924,0.0501129
1215,0.729385,0.0105336
1218,0.729973,0.021732
1221,0.730614,0.0164574
1224,0.730589,0.0249297
1227,0.72959,0.0211782
1230,0.729858,0.0278126
1233,0.72902,0.0151799
1236,0.731297,0.020542
1239,0.737653,0.0301273
1242,0.742191,0.0251622
1245,0.740427,0.0280059
1248,0.74051,0.0259708
1251,0.735968,0.0408241
1254,0.734776,0.0260792
1257,0.736069,0.0510037
1260,0.730558,0.023549
1263,0.724707,0.0178381
1266,0.723705,0.0370883
1269,0.723943,0.0267846
1272,0.722187,0.0196721
1275,0.719182,0.0175481
1278,0.717021,0.0387433
1281,0.714509,0.0412212
1284,0.710042,0.0269609
1287,0.711839,0.0170217
1290,0.710247,0.0187786
1293,0.710554,0.0303755
1296,0.711643,0.0369981
1299,0.709159,0.0222415
1302,0.708673,0.0180549
1305,0.710294,0.0291097
1308,0.708687,0.0168911
1311,0.707384,0.0196433
1314,0.704412,0.0289987
1317,0.702518,0.0148938
1320,0.705696,0.0119286
1323,0.707369,0.0120175
1326,0.708345,0.0148795
1329,0.707295,0.0217856
1332,0.706661,0.00889946
1335,0.704608,0.00541831
1338,0.701571,0.0156815
1341,0.698411,0.0151263
1344,0.697934,0.0307334
1347,0.698723,0.0313238
1350,0.700001,0.037825
1353,0.701069,0.036443
1356,0.702415,0.0347592
1359,0.703238,0.0337456
1362,0.705315,0.110989
1365,0.706043,0.042231
1368,0.704733,0.0414472
1371,0.705806,0.0381463
1374,0.707537,0.042376
1377,0.70745,0.0417607
1380,0.707672,0.0441511
1383,0.708241,0.0424987
1386,0.706643,0.0452419
1389,0.707038,0.0366846
1392,0.708182,0.0386936
1395,0.708042,0.0314401
1398,0.709244,0.0376735
1401,0.708591,0.0313734
1404,0.708332,0.0331369
1407,0.707534,0.0316125
1410,0.70687,0.0498359
1413,0.706996,0.033807
1416,0.706659,0.0391234
1419,0.706902,0.0414903
1422,0.709313,0.0406569
1425,0.713541,0.0331016
1428,0.716905,0.0443837
1431,0.723261,0.0737625
1434,0.728325,0.0784427
1437,0.732422,0.124845
1440,0.737824,0.162127
1443,0.745064,0.179796
1446,0.75378,0.164988
1449,0.759105,0.198619
1452,0.764081,0.228566
1455,0.772153,0.252714
1458,0.777536,0.23207
1461,0.78232,0.23867
1464,0.786468,0.21709
1467,0.792322,0.268835
1470,0.797524,0.211208
1473,0.806028,0.26561
1476,0.810942,0.309118
1479,0.817726,0.312
1482,0.822745,0.223773
1485,0.828708,0.354094
1488,0.833473,0.274035
1491,0.839763,0.279095
1494,0.842145,0.350533
1497,0.84387,0.33926
1500,0.844894,0.284131
1503,0.843037,0.274808
1506,0.842004,0.280177
1509,0.840604,0.336589
1512,0.835537,0.281692
1515,0.833374,0.357806
1518,0.815546,0.426723
1521,0.798377,0.489712
1524,0.772785,0.403014
1527,0.761163,0.509622
1530,0.757284,0.494964
1533,0.752168,0.353105
1536,0.748557,0.431984
1539,0.749598,0.337409
1542,0.753544,0.522366
1545,0.755733,0.519519
1548,0.753554,0.577997
1551,0.724256,0.589244
1554,0.718361,0.517282
1557,0.715793,0.511973
1560,0.704352,0.613327
1563,0.696832,0.599224
1566,0.696487,0.584654
1569,0.692806,0.616598
1572,0.693498,0.618934
1575,0.691629,0.563565
1578,0.691705,0.65712
1581,0.695374,0.652233
1584,0.693547,0.658644
1587,0.691747,0.59231
1590,0.703618,0.330905
1593,0.711762,0.648827
1596,0.723977,0.665499
1599,0.735972,0.567799
1602,0.740258,0.696035
1605,0.7416,0.601062
1608,0.751969,0.567961
1611,0.745109,0.479274
1614,0.732488,0.695864
1617,0.714004,0.678304
1620,0.695648,0.604839
1623,0.689508,0.655032
1626,0.688676,0.624923
1629,0.682488,0.648364
1632,0.691219,0.583853
1635,0.68832,0.632996
1638,0.678436,0.633688
1641,0.678459,0.644536
1644,0.676754,0.632511
1647,0.663792,0.618597
1650,0.653555,0.616585
1653,0.648987,0.616537
1656,0.644873,0.439586
1659,0.645347,0.422388
1662,0.642148,0.593087
1665,0.643028,0.610876
1668,0.640492,0.604564
1671,0.645067,0.582081
1674,0.642348,0.584094
1677,0.636107,0.539665
1680,0.635912,0.554264
1683,0.640923,0.546657
1686,0.636383,0.562948
1689,0.639893,0.552276
1692,0.656716,0.483523
1695,0.673193,0.576711
1698,0.691043,0.503206
1701,0.706303,0.62505
1704,0.712944,0.588567
1707,0.711564,0.620529
1710,0.692319,0.589129
1713,0.680822,0.535244
1716,0.672133,0.567408
1719,0.655833,0.568326
1722,0.638189,0.463083
1725,0.623819,0.26686
1728,0.61734,0.557148
1731,0.592643,0.467606
1734,0.579776,0.331788
1737,0.552932,0.497572
1740,0.53092,0.504374
1743,0.50566,0.474702
1746,0.48691,0.456306
1749,0.470668,0.447135
1752,0.458171,0.435263
1755,0.450088,0.346375
1758,0.442832,0.42069
1761,0.435026,0.413275
1764,0.428918,0.407472
1767,0.432266,0.351379
1770,0.433998,0.287876
1773,0.443566,0.385424
1776,0.443112,0.420956
1779,0.434729,0.398349
1782,0.429476,0.408002
1785,0.42075,0.399712
1788,0.403907,0.383712
1791,0.386615,0.367284
1794,0.368415,0.349994
1797,0.363714,0.312342
1800,0.371109,0.243846
1803,0.366205,0.294079
1806,0.365067,0.346814
1809,0.362685,0.34455
1812,0.34916,0.331702
1815,0.352277,0.334663
1818,0.343845,0.273387
1821,0.346644,0.329312
1824,0.351071,0.333517
1827,0.352892,0.335247
1830,0.356019,0.338218
1833,0.348312,0.330896
1836,0.33711,0.320254
1839,0.324898,0.308653
1842,0.31042,0.294899
1845,0.298027,0.283125
1848,0.277593,0.263714
1851,0.250867,0.238324
1854,0.237489,0.225614
1857,0.241874,0.22978
1860,0.237924,0.152173
1863,0.228828,0.168535
1866,0.221127,0.21007
1869,0.223784,0.204579
1872,0.223865,0.212671
1875,0.21909,0.168111
1878,0.227965,0.183657
1881,0.245224,0.225881
1884,0.260296,0.227291
1887,0.268388,0.254969
1890,0.285357,0.27109
1893,0.302525,0.287399
1896,0.315272,0.299508
1899,0.342135,0.325028
1902,0.384077,0.364388
1905,0.408713,0.388277
1908,0.415697,0.374698
1911,0.411792,0.391202
1914,0.41985,0.398857
1917,0.4123,0.391685
1920,0.396195,0.376385
1923,0.37533,0.356564
1926,0.346067,0.328763
1929,0.326704,0.310369
1932,0.309968,0.29447
1935,0.300044,0.285041
1938,0.281535,0.267459
1941,0.274244,0.260532
1944,0.261811,0.248721
1947,0.241637,0.229556
1950,0.217177,0.1448
1953,0.185049,0.175797
1956,0.162833,0.154691
1959,0.143273,0.136109
1962,0.123463,0.091867
1965,0.105839,0.100547
1968,0.0892101,0.0811271
1971,0.0739858,0.0690391
1974,0.060107,0.0558107
1977,0.0500227,0.0443588
1980,0.0386767,0.0201476
1983,0.0257945,0.023468
1986,0.019177,0.0181046
1989,0.0190817,0.0181276
1992,0.0215988,0.0205189
1995,0.0207863,0.019747
1998,0.0212069,0.0198327
2001,0.0299927,0.0263339
2004,0.061681,0.0437593
2007,0.100646,0.0744443
2010,0.143773,0.125726
2013,0.182787,0.167
2016,0.223308,0.212143
2019,0.252376,0.239757
2022,0.266532,0.253205
2025,0.290905,0.27636
2028,0.30984,0.294348
2031,0.32301,0.30686
2034,0.322207,0.306096
2037,0.308549,0.293121
2040,0.298283,0.283369
2043,0.277834,0.263942
2046,0.258229,0.245318
2049,0.243605,0.231424
2052,0.227053,0.215701
2055,0.205157,0.194899
2058,0.181536,0.172459
2061,0.15138,0.143811
2064,0.130225,0.123714
2067,0.11458,0.108851
2070,0.100295,0.0952802
2073,0.0846252,0.080394
2076,0.0709906,0.0648944
2079,0.0638859,0.0476832
2082,0.0511409,0.0290953
2085,0.0394003,0.0159493
2088,0.0289177,0.0234328
2091,0.0243589,0.01881
2094,0.0266723,0.0236901
2097,0.0274665,0.0217386
2100,0.0343543,0.0102122
2103,0.0502383,0.0315681
2106,0.0715196,0.0505387
2109,0.0957388,0.0740237
2112,0.123551,0.105076
2115,0.150464,0.124415
2118,0.176676,0.150524
2121,0.208465,0.1827
2124,0.239781,0.209987
2127,0.270394,0.224978
2130,0.289923,0.240218
2133,0.300795,0.24181
2136,0.310708,0.245406
2139,0.312496,0.224893
2142,0.318749,0.251573
2145,0.319594,0.254275
2148,0.310602,0.27032
2151,0.301452,0.282866
2154,0.292884,0.274452
2157,0.30358,0.288401
2160,0.310631,0.244992
2163,0.310991,0.270682
2166,0.310639,0.292834
2169,0.305996,0.287476
2172,0.293706,0.237847
2175,0.272096,0.190728
2178,0.2414,0.161655
2181,0.212283,0.190999
2184,0.187017,0.169069
2187,0.159932,0.151935
2190,0.133283,0.126619
2193,0.107063,0.101709
2196,0.0852901,0.0810256
2199,0.0664057,0.0630854
2202,0.051201,0.0486409
2205,0.0401697,0.0381612
2208,0.0338227,0.0321315
2211,0.0264855,0.0251612
2214,0.0186179,0.017687
2217,0.0142956,0.0135808
2220,0.0122709,0.0116573
2223,0.0110783,0.0105244
2226,0.011862,0.0112689
2229,0.0123205,0.0117045
2232,0.0142185,0.0135076
2235,0.0124681,0.0118447
2238,0.0128535,0.0122108
2241,0.0127633,0.0121252
2244,0.0136451,0.0129628
2247,0.0134609,0.0127878
2250,0.013534,0.0128573
2253,0.0149252,0.0141789
2256,0.0173078,0.0164424
2259,0.0183319,0.0174153
2262,0.0176422,0.0167601
2265,0.0192567,0.0182939
2268,0.0352726,0.033509
2271,0.0562875,0.0534731
2274,0.0741713,0.0704628
2277,0.0851229,0.0808667
2280,0.0923321,0.0877155
2283,0.0991128,0.0941572
2286,0.100474,0.0954502
2289,0.103472,0.0982982
2292,0.102611,0.0974804
2295,0.101892,0.0967979
2298,0.105566,0.100287
2301,0.114858,0.109115
2304,0.115918,0.110122
2307,0.117817,0.111926
2310,0.122519,0.116393
2313,0.126871,0.120527
2316,0.121012,0.114961
2319,0.111237,0.105676
2322,0.103892,0.0986977
2325,0.0927853,0.0881461
2328,0.0837539,0.0795662
2331,0.0774565,0.0735837
2334,0.0704302,0.0669087
2337,0.0614524,0.0583798
2340,0.0548232,0.052082
2343,0.0432146,0.0410538
2346,0.036298,0.0344831
2349,0.0354228,0.0336517
2352,0.034724,0.0329878
2355,0.0305649,0.0290366
2358,0.0276088,0.0262284
2361,0.0230644,0.0219112
2364,0.0205381,0.0195112
2367,0.0189288,0.0179824
2370,0.0191927,0.0182331
2373,0.0205904,0.0195609
2376,0.0199673,0.0189689
2379,0.0184873,0.0175629
2382,0.0189759,0.0180271
2385,0.0418443,0.0357245
2388,0.0679262,0.0616849
2391,0.0763188,0.0725028
2394,0.0779895,0.0731041
2397,0.0778719,0.0739783
2400,0.076196,0.0723862
2403,0.0757937,0.072004
2406,0.0772384,0.0733765
2409,0.0783121,0.0743965
2412,0.0796628,0.0756796
2415,0.0804609,0.0764379
2418,0.0721257,0.0685194
2421,0.0593376,0.0563707
2424,0.0501912,0.0476817
2427,0.0369629,0.0351147
2430,0.0227783,0.0216394
2433,0.0212801,0.0190934
2436,0.0355378,0.033257
2439,0.0434497,0.0412772
2442,0.0485414,0.0461144
2445,0.0514583,0.0488854
2448,0.0542889,0.0515745
2451,0.056085,0.0532808
2454,0.0562797,0.0534657
2457,0.0545371,0.0518103
2460,0.0593872,0.0564179
2463,0.0636939,0.0605092
2466,0.0631884,0.060029
2469,0.0539924,0.0512928
2472,0.0441316,0.041925
2475,0.0354659,0.0336926
2478,0.0344901,0.0327656
2481,0.0316425,0.0300604
2484,0.0272953,0.0259306
2487,0.023549,0.0223716
2490,0.0250773,0.0238235
2493,0.02575,0.0244625
2496,0.026364,0.0250458
2499,0.0278348,0.0264431
2502,0.0288419,0.0273998
2505,0.029853,0.0283603
2508,0.0382299,0.0363184
2511,0.0600443,0.057042
2514,0.0823223,0.0782062
2517,0.0879326,0.083536
2520,0.0897052,0.0852199
2523,0.0903178,0.0858019
2526,0.0897352,0.0852485
2529,0.0907398,0.0862028
2532,0.0923517,0.0877341
2535,0.094426,0.0897047
2538,0.0957152,0.0909295
2541,0.0959295,0.091133
2544,0.0970372,0.0921853
2547,0.0975558,0.092678
2550,0.0983761,0.0934573
2553,0.0983003,0.0933853
2556,0.0906784,0.0861444
2559,0.0804792,0.0764552
2562,0.0689333,0.0654866
2565,0.0525856,0.0499563
2568,0.0361282,0.0231467
2571,0.0228371,0.0216953
2574,0.0138619,0.0131688
2577,0.00948205,0.00785446
2580,0.00729408,0.0048514
2583,0.00666839,0.00633497
2586,0.00656258,0.00623446
2589,0.00647899,0.00615504
2592,0.00651687,0.00619102
2595,0.00631962,0.00600364
2598,0.00627521,0.00596145
2601,0.00639669,0.00607686
2604,0.00663443,0.00630271
2607,0.00670105,0.00636599
2610,0.00682383,0.00648264
2613,0.00691527,0.00584546
2616,0.00697667,0.00294559
2619,0.00680424,0.00478086
2622,0.00689568,0.00655089
2625,0.0155182,0.00852979
2628,0.0338854,0.0297237
2631,0.0444882,0.0422638
2634,0.0488693,0.0464258
2637,0.0584402,0.0555182
2640,0.0841837,0.0799745
2643,0.116714,0.110879
2646,0.146415,0.139094
2649,0.167368,0.159
2652,0.179388,0.170419
2655,0.18573,0.176444
2658,0.194823,0.185082
2661,0.203238,0.193076
2664,0.20366,0.193477
2667,0.201751,0.191664
2670,0.203927,0.193731
2673,0.203691,0.193506
2676,0.206484,0.138802
2679,0.197848,0.187956
2682,0.19077,0.181231
2685,0.180926,0.171879
2688,0.170404,0.161884
2691,0.160996,0.152946
2694,0.152715,0.145079
2697,0.138682,0.131748
2700,0.125435,0.119163
2703,0.11255,0.0780261
2706,0.0981841,0.0716659
2709,0.0858008,0.0815108
2712,0.0695759,0.0639225
2715,0.0587328,0.0371105
2718,0.058691,0.0557564
2721,0.0603643,0.0573461
2724,0.0608136,0.057773
2727,0.0655083,0.0448108
2730,0.0814027,0.0204362
2733,0.0942875,0.039689
2736,0.100976,0.0615726
2739,0.107091,0.0770137
2742,0.111764,0.074639
2745,0.113745,0.08224
2748,0.120867,0.082611
2751,0.12274,0.0962926
2754,0.125696,0.0945083
2757,0.126264,0.0995621
2760,0.126637,0.10604
2763,0.125614,0.107444
2766,0.127768,0.112
2769,0.130544,0.122907
2772,0.133124,0.126467
2775,0.135472,0.128699
2778,0.139183,0.132224
2781,0.142718,0.135582
2784,0.144466,0.137242
2787,0.142198,0.135088
2790,0.143206,0.136046
2793,0.143895,0.0841197
2796,0.141292,0.0630382
2799,0.14271,0.0412016
2802,0.143583,0.0530506
2805,0.143686,0.0305387
2808,0.143895,0.0263757
2811,0.141447,0.0286146
2814,0.144784,0.0289817
2817,0.146202,0.0290366
2820,0.14601,0.0275474
2823,0.1462,0.0287283
2826,0.145525,0.026283
2829,0.145602,0.0284853
2832,0.146869,0.021109
2835,0.147458,0.0354868
2838,0.147782,0.0302252
2841,0.147089,0.028019
2844,0.146347,0.033871
2847,0.145832,0.033598
2850,0.146991,0.0283821
2853,0.149108,0.0252432
2856,0.149044,0.0162523
2859,0.147965,0.029226
2862,0.14541,0.0575689
2865,0.14662,0.0280177
2868,0.147957,0.0339572
2871,0.150243,0.0330846
2874,0.150256,0.0227078
2877,0.150192,0.0316634
2880,0.154814,0.0207537
2883,0.159533,0.0281183
2886,0.162522,0.04398
2889,0.165345,0.0410188
2892,0.165892,0.0485976
2895,0.164726,0.0373156
2898,0.16535,0.0363502
2901,0.165829,0.0206335
2904,0.16498,0.029725
2907,0.164548,0.0361935
2910,0.164053,0.0533915
2913,0.161634,0.0449623
2916,0.162882,0.0399267
2919,0.162935,0.053432
2922,0.165242,0.0486316
2925,0.164868,0.0399908
2928,0.163976,0.04247
2931,0.166801,0.0139298
2934,0.171702,0.0169263
2937,0.168203,0.0408973
2940,0.168822,0.0317457
2943,0.178612,0.0199294
2946,0.189974,0.0344601
2949,0.201567,0.0507346
2952,0.213484,0.0630787
2955,0.221174,0.0709161
2958,0.233321,0.0744064
2961,0.244883,0.0813844
2964,0.257055,0.094025
2967,0.269616,0.0984453
2970,0.282549,0.109286
2973,0.295436,0.11782
2976,0.305854,0.129273
2979,0.313306,0.126202
2982,0.322609,0.132049
2985,0.331485,0.151838
2988,0.341827,0.164238
2991,0.356082,0.157872
2994,0.372717,0.165837
2997,0.390645,0.175949
3000,0.407804,0.177937
3003,0.421128,0.18153
3006,0.432444,0.172281
3009,0.451764,0.141717
3012,0.46443,0.121068
3015,0.490762,0.137821
3018,0.519741,0.146996
3021,0.536784,0.152551
3024,0.543936,0.113466
3027,0.547443,0.144459
3030,0.551581,0.143673
3033,0.553341,0.143086
3036,0.555765,0.153464
3039,0.556839,0.156336
3042,0.545915,0.150508
3045,0.545994,0.151112
3048,0.544584,0.15112
3051,0.541903,0.148874
3054,0.540631,0.143802
3057,0.546455,0.0844985
3060,0.557092,0.0564508
3063,0.565801,0.052421
3066,0.575172,0.0534412
3069,0.583565,0.0679418
3072,0.587688,0.0710533
3075,0.587615,0.0799906
3078,0.591089,0.0885518
3081,0.598541,0.0920473
3084,0.609427,0.0948453
3087,0.611096,0.125097
3090,0.627363,0.122318
3093,0.63646,0.132837
3096,0.637044,0.134849
3099,0.633208,0.150779
3102,0.631436,0.142216
3105,0.62596,0.142701
3108,0.62238,0.0612695
3111,0.620086,0.127163
3114,0.620111,0.0648356
3117,0.618853,0.0984558
3120,0.617279,0.0740172
3123,0.616078,0.0679627
3126,0.617637,0.044671
3129,0.62054,0.0503898
3132,0.623231,0.0657891
3135,0.62262,0.0722394
3138,0.622715,0.0602232
3141,0.629337,0.060636
3144,0.634955,0.0627756
3147,0.638052,0.0770398
3150,0.642901,0.0778902
3153,0.644543,0.0721897
3156,0.644535,0.0798901
3159,0.645329,0.0716137
3162,0.643419,0.0538853
3165,0.645234,0.0652562
3168,0.64608,0.0361582
3171,0.646361,0.0330324
3174,0.645692,0.0464919
3177,0.645797,0.0302932
3180,0.650989,0.0370635
3183,0.657831,0.030143
3186,0.664608,0.0334386
3189,0.671035,0.0228136
3192,0.677225,0.0462686
3195,0.68041,0.0520892
3198,0.67702,0.0382129
3201,0.677024,0.0484239
3204,0.679431,0.0207563
3207,0.679966,0.013197
3210,0.679438,0.0205656
3213,0.678241,0.0103167
3216,0.67763,0.0248435
3219,0.678752,0.0241551
3222,0.679631,0.0125779
3225,0.680181,0.0167265
3228,0.680627,0.0241029
3231,0.680491,0.0365423
3234,0.680492,0.0266357
3237,0.679309,0.0666761
3240,0.679165,0.0346025
3243,0.6782,0.0330036
3246,0.678389,0.0319678
3249,0.679612,0.0240976
3252,0.67792,0.0295408
3255,0.676705,0.0194735
3258,0.67733,0.0218509
3261,0.679619,0.017343
3264,0.681175,0.0101809
3267,0.680354,0.0123924
3270,0.68236,0.00875577
3273,0.684753,0.00997058
3276,0.685849,0.0165462
3279,0.686127,0.0139821
3282,0.685231,0.0197923
3285,0.682617,0.0388661
3288,0.679899,0.029836
3291,0.677659,0.00716085
3294,0.678526,0.0158591
3297,0.677876,0.0170126
3300,0.678264,0.0162131
3303,0.677843,0.0143426
3306,0.677711,0.0288916
3309,0.676831,0.0296858
3312,0.679962,0.0768726
3315,0.679953,0.038324
3318,0.679663,0.0273554
3321,0.677527,0.0329932
3324,0.675426,0.0380405
3327,0.675773,0.0390855
3330,0.67635,0.0454313
3333,0.676251,0.0473253
3336,0.675991,0.0561765
3339,0.674406,0.0623837
3342,0.675044,0.0681704
3345,0.67449,0.0470223
3348,0.675044,0.0498895
3351,0.675063,0.0363568
3354,0.675113,0.0454874
3357,0.677431,0.0496322
3360,0.677979,0.0619919
3363,0.67621,0.0479523
3366,0.676266,0.0483442
3369,0.674896,0.0455671
3372,0.673276,0.0356566
3375,0.671536,0.0301756
3378,0.669338,0.034178
3381,0.668908,0.0238273
3384,0.668578,0.0221344
3387,0.666149,0.0448879
3390,0.667308,0.0246972
3393,0.667224,0.0296048
3396,0.665878,0.0354515
3399,0.66652,0.0203043
3402,0.667269,0.0179073
3405,0.670461,0.0187172
3408,0.672246,0.0169407
3411,0.673479,0.0780261
3414,0.673658,0.0354894
3417,0.672182,0.0337639
3420,0.672524,0.0396511
3423,0.673117,0.0341531
3426,0.67138,0.0258545
3429,0.671039,0.0325909
3432,0.670787,0.0470915
3435,0.672719,0.078047
3438,0.674974,0.0528076
3441,0.674368,0.0361621
3444,0.674162,0.0316961
3447,0.674359,0.0209418
3450,0.674558,0.0186532
3453,0.675249,0.034447
3456,0.676072,0.0295839
3459,0.676989,0.0343256
3462,0.680815,0.0784636
3465,0.678821,0.0267075
3468,0.6778,0.0315001
3471,0.677495,0.027281
3474,0.674607,0.0214512
3477,0.673737,0.032779
3480,0.673022,0.0116948
3483,0.671615,0.0074012
3486,0.672713,0.071854
3489,0.672815,0.0340904
3492,0.676513,0.0352138
3495,0.678322,0.056183
3498,0.679179,0.0227731
3501,0.680671,0.0341819
3504,0.680659,0.0131787
3507,0.67939,0.0152073
3510,0.675966,0.0394787
3513,0.670345,0.0306563
3516,0.672319,0.0977726
3519,0.673355,0.0403291
3522,0.673843,0.0569667
3525,0.676713,0.0478152
3528,0.680342,0.0496073
3531,0.681257,0.00574749
3534,0.680615,0.00692311
3537,0.675503,0.0656507
3540,0.672978,0.0525869
3543,0.67205,0.0232368
3546,0.673659,0.0138332
3549,0.676518,0.0233034
3552,0.675672,0.021813
3555,0.674879,0.0224766
3558,0.675275,0.0236431
3561,0.674926,0.0619736
3564,0.676078,0.0202664
3567,0.676452,0.0286512
3570,0.675928,0.0567381
3573,0.674282,0.0548402
3576,0.673876,0.0515341
3579,0.674918,0.040751
3582,0.674392,0.0255371
3585,0.673637,0.0134165
3588,0.67343,0.00836129
3591,0.6744,0.0147123
3594,0.67446,0.0432002
3597,0.674116,0.0254797
3600,0.673447,0.0129527
3603,0.671551,0.00697405
3606,0.671339,0.0118516
3609,0.671863,0.00718566
3612,0.674145,0.00905621
3615,0.677054,0.0125635
3618,0.681171,0.0214616
3621,0.688606,0.0379217
3624,0.690976,0.0385617
3627,0.689769,0.0322891
3630,0.690417,0.0384481
3633,0.692816,0.0326666
3636,0.694581,0.0332231
3639,0.696491,0.0350349
3642,0.698287,0.0329788
3645,0.69702,0.0463443
3648,0.696185,0.039898
3651,0.695462,0.0297459
3654,0.695497,0.0340225
3657,0.692758,0.0319534
3660,0.692643,0.0306668
3663,0.689979,0.0295996
3666,0.689431,0.024095
3669,0.689676,0.0274325
3672,0.691718,0.0195441
3675,0.689408,0.0272235
3678,0.689783,0.0267755
3681,0.68884,0.0148677
3684,0.687704,0.0236209
3687,0.687462,0.0339598
3690,0.687175,0.0255815
3693,0.68622,0.0188596
3696,0.68213,0.0295695
3699,0.677946,0.0123179
3702,0.679289,0.0177597
3705,0.678638,0.0581136
3708,0.678847,0.0480673
3711,0.67919,0.0694741
3714,0.680222,0.0721897
3717,0.682143,0.0619514
3720,0.680014,0.08137
3723,0.680713,0.0665023
3726,0.681716,0.0688053
3729,0.681653,0.0714687
3732,0.680663,0.079587
3735,0.678862,0.0775532
3738,0.678136,0.0588869
3741,0.676939,0.070941
3744,0.675232,0.12753
3747,0.672619,0.047247
3750,0.672708,0.0717495
3753,0.672085,0.0519103
3756,0.670406,0.0320148
3759,0.667484,0.0160512
3762,0.665482,0.0135419
3765,0.664023,0.0171549
3768,0.66407,0.0205747
3771,0.66299,0.0251648
3774,0.664169,0.0238155
3777,0.663929,0.0229403
3780,0.664412,0.0166142
3783,0.665245,0.0302631
3786,0.667153,0.024176
3789,0.669939,0.0181908
3792,0.672001,0.0257566
3795,0.673519,0.0374475
3798,0.674504,0.0298033
3801,0.67491,0.0283978
3804,0.672542,0.0462973
3807,0.67029,0.0752999
3810,0.670941,0.0617959
3813,0.671095,0.0364273
3816,0.670757,0.0329605
3819,0.674189,0.0567813
3822,0.685641,0.0207275
3825,0.685891,0.013935
3828,0.686322,0.0128117
3831,0.68753,0.0121585
3834,0.687891,0.00898045
3837,0.689117,0.0153366
3840,0.690947,0.013197
3843,0.691736,0.0127098
3846,0.689438,0.0718266
3849,0.689573,0.0146443
3852,0.691582,0.0193703
3855,0.692465,0.0239278
3858,0.692495,0.0291711
3861,0.69357,0.0293801
3864,0.693632,0.0300855
3867,0.695178,0.017842
3870,0.692448,0.044398
3873,0.694131,0.0365005
3876,0.694342,0.04424
3879,0.693937,0.0246711
3882,0.693155,0.0296596
3885,0.693667,0.02604
3888,0.691946,0.0283286
3891,0.690852,0.0269936
3894,0.691207,0.0440218
3897,0.690423,0.0269022
3900,0.693677,0.0406909
3903,0.693655,0.0269035
3906,0.693774,0.0344431
3909,0.697429,0.0303506
3912,0.696765,0.0274077
3915,0.691902,0.0273228
3918,0.693343,0.0308313
3921,0.687789,0.0727031
3924,0.687815,0.0312768
3927,0.688331,0.0229063
3930,0.689744,0.0177062
3933,0.690817,0.0130572
3936,0.690713,0.0153079
3939,0.691811,0.0136516
3942,0.696048,0.0157821
3945,0.689189,0.0214225
3948,0.68591,0.0225132
3951,0.686174,0.0287022
3954,0.691946,0.0502552
3957,0.695381,0.0160943
3960,0.701363,0.0144811
3963,0.709317,0.0173757
3966,0.718222,0.0109581
3969,0.730662,0.051248
3972,0.740127,0.0167278
3975,0.738816,0.0213859
3978,0.73983,0.0210018
3981,0.742331,0.015995
3984,0.734282,0.0139168
3987,0.723696,0.0200849
3990,0.715814,0.017522
3993,0.708902,0.014016
3996,0.697717,0.00944678
3999,0.690167,0.0588477
4002,0.687184,0.0440924
4005,0.686297,0.0103285
4008,0.685401,0.0368048
4011,0.686399,0.034161
4014,0.687859,0.0139559
4017,0.693042,0.0155822
4020,0.700421,0.0532831
4023,0.708177,0.0137992
4026,0.707564,0.0142041
4029,0.709212,0.00896739
4032,0.71496,0.0135131
4035,0.721354,0.0131983
4038,0.726959,0.0130089
4041,0.731072,0.0119012
4044,0.732899,0.0281274
4047,0.73156,0.0159075
4050,0.733048,0.019646
4053,0.730585,0.0130716
4056,0.727772,0.0147162
4059,0.719925,0.0142877
4062,0.718054,0.0117771
4065,0.718043,0.0105963
4068,0.725145,0.00869699
4071,0.727813,0.0150858
4074,0.726383,0.0145921
4077,0.732579,0.0143726
4080,0.738634,0.0111292
4083,0.742928,0.0112585
4086,0.742641,0.00868262
4089,0.742535,0.00841484
4092,0.744923,0.00917247
4095,0.741775,0.0241355
4098,0.73865,0.00933967
4101,0.739409,0.00855853
4104,0.739972,0.00799684
4107,0.736871,0.0178525
4110,0.731325,0.0155078
4113,0.722078,0.0355965
4116,0.716377,0.0141427
4119,0.713727,0.0379047
4122,0.708437,0.0128927
4125,0.705507,0.0172607
4128,0.70247,0.0203592
4131,0.699156,0.0215844
4134,0.69926,0.0325582
4137,0.700462,0.0764742
4140,0.697141,0.0317327
4143,0.698949,0.0132493
4146,0.697845,0.0439108
4149,0.698606,0.0153602
4152,0.699256,0.0262033
4155,0.700526,0.0294284
4158,0.705571,0.0400717
4161,0.707633,0.0477629
4164,0.709677,0.0423982
4167,0.712553,0.0438755
4170,0.719941,0.0664827
4173,0.726932,0.0641537
4176,0.739943,0.07957
4179,0.752605,0.0868145
4182,0.767441,0.0783448
4185,0.775817,0.0847859
4188,0.784485,0.0787615
4191,0.795418,0.070344
4194,0.806831,0.111154
4197,0.816751,0.0963592
4200,0.826652,0.102028
4203,0.833687,0.107415
4206,0.83625,0.158934
4209,0.843962,0.183445
4212,0.854877,0.282813
4215,0.862565,0.341876
4218,0.870768,0.246395
4221,0.876087,0.347991
4224,0.88136,0.246536
4227,0.891501,0.190779
4230,0.894142,0.389152
4233,0.89712,0.462436
4236,0.894105,0.492014
4239,0.881573,0.497606
4242,0.841857,0.49099
4245,0.801326,0.467984
4248,0.784083,0.46673
4251,0.759588,0.484335
4254,0.756112,0.448988
4257,0.745836,0.577718
4260,0.746783,0.491035
4263,0.736317,0.573486
4266,0.730187,0.633569
4269,0.71856,0.616674
4272,0.713434,0.64613
4275,0.722093,0.628094
4278,0.732345,0.650958
4281,0.750474,0.660517
4284,0.752806,0.510967
4287,0.757182,0.662274
4290,0.758871,0.497841
4293,0.749992,0.669941
4296,0.742074,0.474727
4299,0.750085,0.69633
4302,0.751261,0.673792
4305,0.759438,0.524978
4308,0.762613,0.507779
4311,0.756352,0.709458
4314,0.755481,0.692236
4317,0.747833,0.514275
4320,0.719392,0.674393
4323,0.704328,0.669112
4326,0.69664,0.635895
4329,0.681067,0.615662
4332,0.667193,0.633833
4335,0.663611,0.630431
4338,0.658036,0.625134
4341,0.654925,0.57365
4344,0.646726,0.614389
4347,0.639603,0.584363
4350,0.644689,0.612455
4353,0.640086,0.608082
4356,0.632836,0.601194
4359,0.626561,0.595233
4362,0.627106,0.59575
4365,0.625304,0.587428
4368,0.617617,0.539232
4371,0.614455,0.572691
4374,0.612013,0.575636
4377,0.599874,0.569881
4380,0.598878,0.568934
4383,0.600864,0.570821
4386,0.603554,0.573376
4389,0.599988,0.569989
4392,0.596307,0.416536
4395,0.588927,0.453637
4398,0.580765,0.551727
4401,0.566975,0.538626
4404,0.553257,0.525594
4407,0.540524,0.513498
4410,0.53526,0.508497
4413,0.531588,0.505008
4416,0.537329,0.510462
4419,0.542816,0.291748
4422,0.544702,0.517467
4425,0.553973,0.526274
4428,0.548061,0.478817
4431,0.537491,0.510616
4434,0.532842,0.475271
4437,0.521596,0.447289
4440,0.507933,0.482536
4443,0.501642,0.47656
4446,0.506277,0.475002
4449,0.516401,0.490581
4452,0.520238,0.494226
4455,0.531046,0.504493
4458,0.541979,0.51488
4461,0.534987,0.508237
4464,0.526675,0.500341
4467,0.531821,0.50523
4470,0.544237,0.517025
4473,0.550368,0.522849
4476,0.548916,0.521471
4479,0.532417,0.505796
4482,0.52674,0.500403
4485,0.513298,0.487633
4488,0.50081,0.455175
4491,0.504687,0.479452
4494,0.503515,0.478339
4497,0.498173,0.365956
4500,0.52708,0.500726
4503,0.54709,0.519736
4506,0.555948,0.523865
4509,0.566137,0.53783
4512,0.591648,0.562065
4515,0.621488,0.590413
4518,0.637279,0.456767
4521,0.636701,0.599549
4524,0.653574,0.611987
4527,0.669748,0.625585
4530,0.708135,0.576468
4533,0.715422,0.529246
4536,0.714353,0.625091
4539,0.704893,0.581812
4542,0.6908,0.551692
4545,0.670813,0.439215
4548,0.65765,0.187341
4551,0.651984,0.570917
4554,0.648621,0.494849
4557,0.641409,0.60611
4560,0.608416,0.562316
4563,0.603289,0.573124
4566,0.585387,0.556117
4569,0.577931,0.549034
4572,0.557929,0.530033
4575,0.557983,0.530084
4578,0.561281,0.533217
4581,0.551782,0.524193
4584,0.542815,0.379065
4587,0.538392,0.248948
4590,0.529218,0.362814
4593,0.539526,0.417103
4596,0.533095,0.362589
4599,0.527094,0.488368
4602,0.517527,0.485386
4605,0.510086,0.484581
4608,0.508127,0.482721
4611,0.504522,0.479296
4614,0.481356,0.457288
4617,0.465151,0.441893
4620,0.444567,0.422338
4623,0.429203,0.407743
4626,0.409618,0.389137
4629,0.405886,0.192038
4632,0.411511,0.301163
4635,0.409183,0.323735
4638,0.402733,0.312973
4641,0.408785,0.328869
4644,0.41768,0.3861
4647,0.430761,0.384743
4650,0.445851,0.408087
4653,0.45289,0.417636
4656,0.456729,0.433893
4659,0.45422,0.419155
4662,0.44794,0.365125
4665,0.43462,0.353529
4668,0.41626,0.395447
4671,0.410649,0.390116
4674,0.398349,0.269058
4677,0.371221,0.35266
4680,0.342909,0.241218
4683,0.32666,0.310327
4686,0.31592,0.300124
4689,0.31548,0.293481
4692,0.311404,0.295834
4695,0.295785,0.280996
4698,0.297533,0.282656
4701,0.303964,0.288765
4704,0.308874,0.280342
4707,0.322891,0.306747
4710,0.336667,0.319834
4713,0.365749,0.341849
4716,0.395743,0.375956
4719,0.411578,0.390999
4722,0.409973,0.389475
4725,0.409608,0.389127
4728,0.414362,0.393644
4731,0.41849,0.397566
4734,0.418946,0.397999
4737,0.415148,0.39439
4740,0.41337,0.392701
4743,0.409224,0.386323
4746,0.397143,0.364225
4749,0.382276,0.363162
4752,0.357967,0.340068
4755,0.334782,0.318043
4758,0.315224,0.299462
4761,0.285051,0.270798
4764,0.255307,0.242542
4767,0.230722,0.219186
4770,0.209207,0.196969
4773,0.189837,0.180345
4776,0.1708,0.16226
4779,0.153011,0.145361
4782,0.133508,0.126832
4785,0.110273,0.10476
4788,0.0906914,0.0861569
4791,0.0756121,0.0718315
4794,0.056038,0.0532361
4797,0.0391156,0.0371598
4800,0.0227849,0.0216456
4803,0.0114976,0.0109227
4806,0.00419828,0.00398836
4809,0,0
4812,0.000320031,0.000304029
4815,0.000927435,0.000881064
4818,0.000809873,0.000769379
4821,0.000973154,0.000924496
4824,0.00135327,0.00128561
4827,0.00265429,0.00252158
4830,0.00350597,0.00333067
4833,0.0037855,0.00359623
4836,0.00630917,0.00599371
4839,0.00634052,0.00595126
4842,0.00664618,0.00631388
4845,0.00735548,0.00567956
4848,0.00741165,0.00704106
4851,0.00720003,0.00684003
4854,0.00755795,0.00631309
4857,0.00788973,0.0067337
4860,0.00768857,0.00615242
4863,0.00767159,0.00728801
4866,0.00714909,0.00679164
4869,0.00704198,0.00668988
4872,0.0068369,0.00640061
4875,0.006607,0.00623994
4878,0.00673762,0.00640074
4881,0.00668798,0.00635359
4884,0.00624255,0.00588334
4887,0.00632093,0.00600488
4890,0.00631962,0.00600364
4893,0.0062112,0.0050186
4896,0.00551106,0.0052355
4899,0.00519364,0.00493396
4902,0.00515968,0.00411207
4905,0.00430539,0.00409012
4908,0.00287244,0.00215531
4911,0.000829467,0.000787994
4914,0,0
4917,0.0117236,0.0111374
4920,0.0332531,0.0315905
4923,0.04215,0.0400425
4926,0.0557898,0.0530003
4929,0.0831596,0.0790016
4932,0.102759,0.0729199
4935,0.108292,0.0975113
4938,0.11191,0.106315
4941,0.115867,0.110073
4944,0.120066,0.114063
4947,0.123738,0.117551
4950,0.125809,0.119518
4953,0.123301,0.117136
4956,0.114494,0.108769
4959,0.105097,0.0998419
4962,0.0964402,0.0916182
4965,0.0924483,0.0878259
4968,0.10215,0.0742327
4971,0.10941,0.103939
4974,0.119928,0.113931
4977,0.130488,0.123963
4980,0.127185,0.120826
4983,0.119092,0.113137
4986,0.111355,0.105787
4989,0.104181,0.098972
4992,0.105952,0.100655
4995,0.106713,0.101377
4998,0.10976,0.104272
5001,0.110955,0.105407
5004,0.110528,0.105002
5007,0.105819,0.100528
5010,0.0993453,0.094378
5013,0.093752,0.0890644
5016,0.0841145,0.0799087
5019,0.0682135,0.0477708
5022,0.0615961,0.0445691
5025,0.0510338,0.0484821
5028,0.0394434,0.0374713
5031,0.0318894,0.0302949
5034,0.0257527,0.024465
5037,0.0201253,0.0191191
5040,0.0202468,0.0192345
5043,0.0209483,0.0199009
5046,0.0252341,0.0239724
5049,0.0402964,0.0382816
5052,0.0597477,0.0567604
5055,0.0810892,0.0770347
5058,0.105325,0.100059
5061,0.129787,0.123298
5064,0.153894,0.146199
5067,0.173922,0.165225
5070,0.196782,0.186943
5073,0.213347,0.202679
5076,0.22613,0.214823
5079,0.237387,0.225518
5082,0.241539,0.229462
5085,0.225483,0.214209
5088,0.208043,0.197641
5091,0.185032,0.175781
5094,0.167652,0.159269
5097,0.15874,0.150803
5100,0.152711,0.145075
5103,0.142977,0.135828
5106,0.129543,0.123066
5109,0.101314,0.0962481
5112,0.073432,0.0697604
5115,0.0606033,0.0575732
5118,0.059271,0.0563074
5121,0.049704,0.0472188
5124,0.0378799,0.0359859
5127,0.0290862,0.0276319
5130,0.017812,0.0100006
5133,0.00567956,0.00490365
5136,0,0
5139,0,0
5142,0,0
5145,0,0
5148,0,0
5151,0,0
5154,0,0
5157,0,0
5160,0,0
5163,0,0
5166,0,0
5169,0,0
5172,0,0
5175,0,0
5178,0,0
5181,0,0
5184,0,0
5187,0,0
5190,0,0
5193,0,0
5196,0,0
5199,0,0
5202,0,0
5205,0,0
5208,0,0
5211,0,0
5214,0,0
5217,0,0
5220,0,0
5223,0,0
5226,0,0
5229,0,0
5232,0,0
5235,0,0
5238,0,0
5241,0,0
5244,0,0
5247,0,0
5250,0,0
5253,0,0
5256,0.0017151,0.00147345
5259,0.0196433,0.0107034
5262,0.0418966,0.0366938
5265,0.054528,0.0518016
5268,0.0596707,0.0566871
5271,0.0637723,0.0605837
5274,0.0661575,0.0628496
5277,0.0682775,0.0648637
5280,0.0694218,0.0659507
5283,0.0700475,0.0665451
5286,0.0711892,0.0676297
5289,0.0836142,0.0574017
5292,0.108783,0.0889241
5295,0.128053,0.0990462
5298,0.141286,0.0953247
5301,0.148216,0.0997934
5304,0.154289,0.0919297
5307,0.157997,0.093816
5310,0.160713,0.0989587
5313,0.162711,0.0981684
5316,0.161643,0.100827
5319,0.158633,0.100729
5322,0.15682,0.0956525
5325,0.153877,0.0993022
5328,0.160678,0.0532413
5331,0.173564,0.0550113
5334,0.185712,0.0467323
5337,0.191365,0.0554005
5340,0.194572,0.0570556
5343,0.198083,0.0646749
5346,0.202966,0.0749368
5349,0.204945,0.0786883
5352,0.217431,0.0910911
5355,0.237693,0.118349
5358,0.256892,0.141209
5361,0.273277,0.162646
5364,0.275713,0.173993
5367,0.276502,0.163865
5370,0.277405,0.179993
5373,0.279529,0.160837
5376,0.28268,0.180182
5379,0.284847,0.169331
5382,0.287399,0.145724
5385,0.293643,0.120726
5388,0.309038,0.109983
5391,0.319879,0.107784
5394,0.324941,0.114887
5397,0.324272,0.101452
5400,0.32237,0.100501
5403,0.321983,0.093061
5406,0.320736,0.100021
5409,0.323002,0.0953704
5412,0.324396,0.099135
5415,0.327116,0.105973
5418,0.339977,0.0453307
5421,0.354856,0.0647428
5424,0.365234,0.0600652
5427,0.371164,0.0706889
5430,0.378025,0.0629441
5433,0.386026,0.073014
5436,0.392786,0.0916763
5439,0.407139,0.109158
5442,0.419752,0.122939
5445,0.426706,0.146724
5448,0.435277,0.146291
5451,0.438764,0.153539
5454,0.438693,0.152144
5457,0.438677,0.145699
5460,0.435529,0.145414
5463,0.433452,0.142033
5466,0.431981,0.135897
5469,0.42807,0.131555
5472,0.422879,0.0935038
5475,0.422227,0.0884695
5478,0.426625,0.0286421
5481,0.434426,0.0271438
5484,0.445285,0.0312663
5487,0.456804,0.0460896
5490,0.469834,0.0499208
5493,0.482806,0.0572593
5496,0.495474,0.0804661
5499,0.507455,0.0686328
5502,0.515974,0.0638428
5505,0.52423,0.073816
5508,0.533731,0.086036
5511,0.540059,0.102735
5514,0.542332,0.116312
5517,0.5467,0.125961
5520,0.558653,0.0479367
5523,0.57004,0.0444294
5526,0.581215,0.0366912
5529,0.597881,0.0422257
5532,0.612295,0.0491475
5535,0.626594,0.0605171
5538,0.637115,0.071423
5541,0.6482,0.0803891
5544,0.655685,0.0916528
5547,0.662536,0.0881978
5550,0.663782,0.0870431
5553,0.670565,0.096917
5556,0.675494,0.105918
5559,0.679668,0.087691
5562,0.683571,0.0974499
5565,0.691374,0.0907907
5568,0.698384,0.0857969
5571,0.698901,0.098636
5574,0.709252,0.10422
5577,0.716342,0.0956303
5580,0.724723,0.0970528
5583,0.728779,0.0998665
5586,0.731843,0.0759596
5589,0.734786,0.0732452
5592,0.735299,0.0752098
5595,0.73276,0.114438
5598,0.730813,0.0667714
5601,0.72844,0.0652575
5604,0.73008,0.0635306
5607,0.734346,0.0527005
5610,0.740295,0.0627678
5613,0.740822,0.0508274
5616,0.739099,0.0667767
5619,0.738416,0.0938695
5622,0.738131,0.0669634
5625,0.738986,0.0590097
5628,0.738103,0.0586753
5631,0.736057,0.0656454
5634,0.733976,0.0581502
5637,0.735087,0.0567212
5640,0.733651,0.0492938
5643,0.732026,0.042018
5646,0.733405,0.0818952
5649,0.734081,0.053709
5652,0.730172,0.0823824
5655,0.723359,0.0596184
5658,0.720182,0.068783
5661,0.719738,0.079779
5664,0.720868,0.0547762
5667,0.722662,0.0610566
5670,0.723128,0.0682148
5673,0.723255,0.0434549
5676,0.723496,0.0287858
5679,0.722176,0.0291123
5682,0.724008,0.0234693
5685,0.726929,0.0273933
5688,0.729043,0.0195232
5691,0.727747,0.0170008
5694,0.726348,0.0428645
5697,0.726148,0.0328038
5700,0.726912,0.0376003
5703,0.726702,0.0235451
5706,0.730563,0.0200365
5709,0.73552,0.0233061
5712,0.762942,0.0235791
5715,0.779944,0.0200287
5718,0.80618,0.0249167
5721,0.852394,0.0719625
5724,0.853698,0.0627887
5727,0.855293,0.0189484
5730,0.857842,0.01344
5733,0.859961,0.0271791
5736,0.865582,0.0331055
95679559